report_start_day,report_end_day,day,enterprise_id,user_id,user_login,user_initiated_interaction_count,code_generation_activity_count,code_acceptance_activity_count,used_agent,used_chat,loc_suggested_to_add_sum,loc_suggested_to_delete_sum,loc_added_sum,loc_deleted_sum,primary_ide,primary_ide_version,primary_plugin_version
2026-01-01,2026-01-28,2026-01-28,11374,10048380,ace_east,6,2,0,1,1,7,0,0,0,vscode,1.107.0,
2026-01-01,2026-01-28,2026-01-28,11374,10070028,akuma_antetokounmpo,17,126,45,1,1,173,0,2243,558,visualstudio,17.14.25,
2026-01-01,2026-01-28,2026-01-28,11374,10002019,alain_perez,39,25,0,1,1,45,0,465,301,vscode,1.108.2,
2026-01-01,2026-01-28,2026-01-28,11374,10172372,andy_kroos,11,25,0,1,1,249,0,1714,90,vscode,1.108.2,
2026-01-01,2026-01-28,2026-01-28,11374,10272148,anne_kenney,0,10,4,0,0,28,0,12,0,visualstudio,17.14.25,
2026-01-01,2026-01-28,2026-01-28,11374,10095375,antman_witch,1,0,0,0,1,0,0,0,0,vscode,1.108.2,
2026-01-01,2026-01-28,2026-01-28,11374,10121359,aqua_messi,7,11,0,1,1,87,0,109,58,vscode,1.108.2,
2026-01-01,2026-01-28,2026-01-28,11374,10206734,armin_perry,2,3,0,1,1,15,0,395,0,vscode,1.108.0,
2026-01-01,2026-01-28,2026-01-28,11374,10101952,aspen_cunningham,0,1,0,0,0,1,0,0,0,visualstudio,18.2.1,
2026-01-01,2026-01-28,2026-01-28,11374,10019942,big_harris,24,23,0,1,1,117,0,6,2,vscode,1.109.0-insider,
2026-01-01,2026-01-28,2026-01-28,11374,10179595,bruno_mbappe,20,32,0,1,1,97,0,95,37,vscode,1.108.1,
2026-01-01,2026-01-28,2026-01-28,11374,10145682,cade_esfandiari,7,12,0,1,1,65,0,481,0,vscode,1.109.0-insider,
2026-01-01,2026-01-28,2026-01-28,11374,10147452,carlos_hastings,11,22,0,1,1,1,0,542,23,vscode,1.109.0-insider,
2026-01-01,2026-01-28,2026-01-28,11374,10021529,cate_panther,53,54,15,0,1,2045,0,572,0,visualstudio,17.14.25,
2026-01-01,2026-01-28,2026-01-28,11374,10166816,cell_doom,8,17,8,0,1,163,0,80,0,visualstudio,17.14.25,
2026-01-01,2026-01-28,2026-01-28,11374,10127228,charles_kroos,14,34,6,1,1,388,0,92,3,vscode,1.107.1,
2026-01-01,2026-01-28,2026-01-28,11374,10217398,charlize_crimson,57,112,2,1,1,209,0,3472,190,vscode,1.108.2,
2026-01-01,2026-01-28,2026-01-28,11374,10074164,charlize_strife,11,32,4,1,1,44,0,321,479,vscode,1.108.1,
2026-01-01,2026-01-28,2026-01-28,11374,10107694,dakota_hill,1,23,2,0,1,93,0,2,0,vscode,1.108.1,
2026-01-01,2026-01-28,2026-01-28,11374,10177212,dakota_leonard,2,1,0,1,1,7,0,0,0,vscode,1.109.0-insider,
2026-01-01,2026-01-28,2026-01-28,11374,10136181,damian_arlert,5,5,0,1,1,0,0,120,13,vscode,1.108.1,
2026-01-01,2026-01-28,2026-01-28,11374,10240956,dante_ghost,39,25,11,1,1,1559,0,1681,0,visualstudio,17.14.25,
2026-01-01,2026-01-28,2026-01-28,11374,10096555,deadpool_harden,30,16,0,1,1,0,0,220,97,vscode,1.108.1,
2026-01-01,2026-01-28,2026-01-28,11374,10137001,denzel_portman,6,5,1,1,1,0,0,114,17,vscode,1.108.2,
2026-01-01,2026-01-28,2026-01-28,11374,10077927,echo_sandberg,1,2,0,1,1,0,0,6,6,vscode,1.108.1,
2026-01-01,2026-01-28,2026-01-28,11374,10122773,elon_nico,9,19,3,1,1,63,0,3,0,vscode,1.108.1,
2026-01-01,2026-01-28,2026-01-28,11374,10061367,erling_island,51,104,2,1,1,667,0,3354,642,visualstudio,17.14.25,
2026-01-01,2026-01-28,2026-01-28,11374,10112468,erling_jaeger,30,54,0,1,1,170,0,53,32,vscode,1.108.1,
2026-01-01,2026-01-28,2026-01-28,11374,10103786,erling_neon,23,27,1,1,1,410,0,2,0,vscode,1.108.1,
2026-01-01,2026-01-28,2026-01-28,11374,10155561,evan_lamar,0,11,1,0,0,11,0,1,0,vscode,1.108.1,
2026-01-01,2026-01-28,2026-01-28,11374,10228419,federico_sane,14,125,20,1,1,173,0,264,11,vscode,1.108.2,
2026-01-01,2026-01-28,2026-01-28,11374,10229848,franky_abarai,1,2,0,1,1,6,0,191,0,vscode,1.108.2,
2026-01-01,2026-01-28,2026-01-28,11374,10057580,gavi_altman,1,17,9,1,1,17,0,10,0,vscode,1.108.2,
2026-01-01,2026-01-28,2026-01-28,11374,10133762,gavi_perez,34,183,0,1,1,1505,0,16,0,vscode,1.108.0,
2026-01-01,2026-01-28,2026-01-28,11374,10075606,giannis_ocelot,18,52,0,1,1,451,0,598,57,vscode,1.109.0-insider,
2026-01-01,2026-01-28,2026-01-28,11374,10072032,ginni_fox,24,54,0,1,1,179,0,150,56,vscode,1.108.2,
2026-01-01,2026-01-28,2026-01-28,11374,10045757,grimmjow_russell,2,1,0,1,1,2,0,0,0,vscode,1.108.1,
2026-01-01,2026-01-28,2026-01-28,11374,10008939,hakeem_cyrus,28,83,2,1,1,179,0,572,112,vscode,1.108.2,
2026-01-01,2026-01-28,2026-01-28,11374,10214249,hakeem_gates,4,2,0,1,1,9,0,0,0,vscode,1.109.0-insider,
2026-01-01,2026-01-28,2026-01-28,11374,10100171,hakeem_ghost,4,3,0,1,1,11,0,163,0,vscode,1.108.2,
2026-01-01,2026-01-28,2026-01-28,11374,10159680,hakeem_rexha,28,64,12,1,1,255,0,93,70,vscode,1.108.2,
2026-01-01,2026-01-28,2026-01-28,11374,10275534,hakeem_young,9,11,0,1,1,86,0,476,115,vscode,1.108.1,
2026-01-01,2026-01-28,2026-01-28,11374,10003742,hayden_debruyne,2,0,0,1,1,0,0,0,0,vscode,1.108.2,
2026-01-01,2026-01-28,2026-01-28,11374,10084301,isiah_force,2,1,0,1,1,2,0,0,0,vscode,1.108.2,
2026-01-01,2026-01-28,2026-01-28,11374,10244062,jennifer_cross,2,0,0,1,1,0,0,0,0,vscode,1.108.1,
2026-01-01,2026-01-28,2026-01-28,11374,10184047,jiraiya_huang,75,87,8,1,1,98,0,902,490,vscode,1.108.0,
2026-01-01,2026-01-28,2026-01-28,11374,10140105,johan_irving,20,104,45,0,1,1569,0,346,0,visualstudio,17.14.25,
2026-01-01,2026-01-28,2026-01-28,11374,10086682,johan_south,2,2,2,0,1,46,0,15,0,visualstudio,17.14.25,
2026-01-01,2026-01-28,2026-01-28,11374,10129950,johnny_cyrus,0,4,1,0,0,4,0,1,0,vscode,1.108.2,
2026-01-01,2026-01-28,2026-01-28,11374,10049558,jude_bezos,66,188,9,1,1,1121,0,2633,1376,visualstudio,17.14.25,
2026-01-01,2026-01-28,2026-01-28,11374,10050685,julius_kuchiki,14,9,0,1,1,26,0,4,1,vscode,1.108.2,
2026-01-01,2026-01-28,2026-01-28,11374,10145003,justin_america,10,37,0,1,1,341,0,1075,2,vscode,1.108.2,
2026-01-01,2026-01-28,2026-01-28,11374,10052546,kai_ocean,10,11,0,1,1,193,0,0,0,vscode,1.108.2,
2026-01-01,2026-01-28,2026-01-28,11374,10264363,kakashi_weeknd,0,2,0,0,0,2,0,0,0,vscode,1.108.1,
2026-01-01,2026-01-28,2026-01-28,11374,10030566,katy_leonhart,104,168,1,1,1,704,0,9655,1936,vscode,1.108.1,
2026-01-01,2026-01-28,2026-01-28,11374,10062309,kd_prime,1,2,0,1,1,1,0,39,0,vscode,1.108.2,
2026-01-01,2026-01-28,2026-01-28,11374,10161410,keanu_walker,1,0,0,1,1,0,0,0,0,vscode,1.108.2,
2026-01-01,2026-01-28,2026-01-28,11374,10024695,kendrick_sun,99,99,12,1,1,308,0,694,594,vscode,1.108.2,
2026-01-01,2026-01-28,2026-01-28,11374,10015051,kratos_messi,9,11,0,1,1,1,0,229,39,vscode,1.108.0,
2026-01-01,2026-01-28,2026-01-28,11374,10090196,lando_booker,1,2,0,1,1,4,0,0,0,vscode,1.108.2,
2026-01-01,2026-01-28,2026-01-28,11374,10148379,lizzo_lamar,16,104,27,1,1,150,0,606,161,vscode,1.108.2,
2026-01-01,2026-01-28,2026-01-28,11374,10164172,logan_weeknd,1,0,0,1,1,0,0,0,0,vscode,1.108.1,
2026-01-01,2026-01-28,2026-01-28,11374,10158813,luffy_nadella,34,45,0,1,1,111,0,1572,919,vscode,1.108.2,
2026-01-01,2026-01-28,2026-01-28,11374,10175303,luigi_henry,3,16,2,1,1,156,0,2,0,vscode,1.108.2,
2026-01-01,2026-01-28,2026-01-28,11374,10083335,margot_haaland,26,16,10,1,1,283,0,197,6,visualstudio,17.14.25,
2026-01-01,2026-01-28,2026-01-28,11374,10103076,mason_ibrahimovic,10,15,0,1,1,5,0,408,258,vscode,1.108.1,
2026-01-01,2026-01-28,2026-01-28,11374,10092158,matt_star,0,24,11,0,0,24,0,11,0,vscode,1.108.0,
2026-01-01,2026-01-28,2026-01-28,11374,10242715,matt_uzumaki,25,80,1,1,1,307,0,4245,596,visualstudio,17.14.25,
2026-01-01,2026-01-28,2026-01-28,11374,10023767,mikasa_goblin,27,17,0,1,1,215,0,198,129,vscode,1.108.1,
2026-01-01,2026-01-28,2026-01-28,11374,10006878,morgan_kennedy,11,6,0,1,1,14,0,1240,26,vscode,1.108.2,
2026-01-01,2026-01-28,2026-01-28,11374,10019447,niki_leonard,70,640,194,1,1,863,0,1717,210,visualstudio,17.14.25,
2026-01-01,2026-01-28,2026-01-28,11374,10138546,niki_widow,0,2,0,0,0,2,0,0,0,visualstudio,17.14.25,
2026-01-01,2026-01-28,2026-01-28,11374,10131547,panther_holz,9,19,2,1,1,31,0,129,26,vscode,1.108.2,
2026-01-01,2026-01-28,2026-01-28,11374,10073228,panther_verstappen,46,79,0,1,1,19,0,4134,887,vscode,1.108.2,
2026-01-01,2026-01-28,2026-01-28,11374,10005215,pedri_chief,12,28,3,1,1,11,0,233,74,vscode,1.108.1,
2026-01-01,2026-01-28,2026-01-28,11374,10282982,phil_grande,3,7,2,1,1,8,0,3,1,vscode,1.108.1,
2026-01-01,2026-01-28,2026-01-28,11374,10189533,pieck_arrow,22,36,0,1,1,1,0,559,427,vscode,1.108.0,
2026-01-01,2026-01-28,2026-01-28,11374,10110220,pieck_namikaze,3,2,0,1,1,0,0,825,0,visualstudio,18.2.0,
2026-01-01,2026-01-28,2026-01-28,11374,10227282,pierre_stone,30,22,0,1,1,45,0,338,10,vscode,1.108.2,
2026-01-01,2026-01-28,2026-01-28,11374,10129262,pikachu_curry,2,2,0,0,1,13,0,0,0,visualstudio,17.14.25,
2026-01-01,2026-01-28,2026-01-28,11374,10000787,renji_lipa,21,33,3,1,1,323,0,234,50,vscode,1.108.2,
2026-01-01,2026-01-28,2026-01-28,11374,10028089,robert_gold,97,71,0,1,1,44,0,861,260,vscode,1.109.0-insider,
2026-01-01,2026-01-28,2026-01-28,11374,10256075,rubens_hawk,2,0,0,1,1,0,0,0,0,visualstudio,18.2.1,
2026-01-01,2026-01-28,2026-01-28,11374,10167892,ryu_shadow,0,16,8,0,0,23,0,15,0,visualstudio,17.14.23,
2026-01-01,2026-01-28,2026-01-28,11374,10070690,safra_king,58,83,2,1,1,219,0,1277,86,vscode,1.108.2,
2026-01-01,2026-01-28,2026-01-28,11374,10032139,safra_leonhart,5,5,0,1,1,2,0,454,0,vscode,1.108.2,
2026-01-01,2026-01-28,2026-01-28,11374,10105853,sandra_mane,6,91,30,1,1,264,0,137,57,vscode,1.108.2,
2026-01-01,2026-01-28,2026-01-28,11374,10087626,sasuke_henry,16,45,4,1,1,44,0,483,258,vscode,1.108.2,
2026-01-01,2026-01-28,2026-01-28,11374,10108988,scarlett_diamond,12,9,0,1,1,34,0,0,0,vscode,1.108.2,
2026-01-01,2026-01-28,2026-01-28,11374,10120175,sebastian_woman,0,21,0,0,0,26,0,0,0,vscode,1.108.2,
2026-01-01,2026-01-28,2026-01-28,11374,10201474,selena_hanks,3,0,0,1,1,0,0,0,0,vscode,1.108.2,
2026-01-01,2026-01-28,2026-01-28,11374,10116365,shakira_braun,0,9,0,0,0,9,0,0,0,vscode,1.108.2,
2026-01-01,2026-01-28,2026-01-28,11374,10085186,stewart_ricciardo,15,55,3,1,1,1604,0,3492,7,vscode,1.108.2,
2026-01-01,2026-01-28,2026-01-28,11374,10135203,storm_lillard,10,31,0,1,1,449,0,0,0,vscode,1.108.2,
2026-01-01,2026-01-28,2026-01-28,11374,10231386,tsunade_washington,5,5,0,1,1,16,0,0,0,vscode,1.108.0,
2026-01-01,2026-01-28,2026-01-28,11374,10143310,tyrese_sainz,30,60,0,1,1,128,0,2411,308,vscode,1.108.1,
2026-01-01,2026-01-28,2026-01-28,11374,10226161,vergil_young,10,14,0,1,1,29,0,1,1,vscode,1.108.2,
2026-01-01,2026-01-28,2026-01-28,11374,10092587,weeknd_altman,2,13,0,1,1,61,0,4,1,vscode,1.106.3,
2026-01-01,2026-01-28,2026-01-28,11374,10117976,wonder_mitchell,48,105,0,1,1,100,0,4220,310,vscode,1.108.2,
2026-01-01,2026-01-28,2026-01-28,11374,10031568,wonder_young,3,11,0,1,1,31,0,747,78,vscode,1.108.2,
2026-01-01,2026-01-28,2026-01-27,11374,10048380,ace_east,1,8,2,1,1,8,0,10,7,vscode,1.107.0,
2026-01-01,2026-01-28,2026-01-27,11374,10232569,ace_lawrence,10,6,0,1,1,0,0,85,45,vscode,1.109.0-insider,
2026-01-01,2026-01-28,2026-01-27,11374,10034210,afrojack_damon,13,25,0,1,1,18,0,860,444,vscode,1.109.0-insider,
2026-01-01,2026-01-28,2026-01-27,11374,10172372,andy_kroos,7,0,0,1,1,0,0,0,0,vscode,1.108.2,
2026-01-01,2026-01-28,2026-01-27,11374,10121359,aqua_messi,21,40,0,1,1,66,0,612,126,vscode,1.108.2,
2026-01-01,2026-01-28,2026-01-27,11374,10206734,armin_perry,6,17,1,1,1,63,0,62,18,vscode,1.108.0,
2026-01-01,2026-01-28,2026-01-27,11374,10101952,aspen_cunningham,0,10,2,0,0,15,0,7,0,visualstudio,17.14.23,
2026-01-01,2026-01-28,2026-01-27,11374,10211474,beyonce_grande,6,9,0,1,1,4,0,8,10,vscode,1.108.2,
2026-01-01,2026-01-28,2026-01-27,11374,10019942,big_harris,7,54,0,1,1,1170,0,177,0,vscode,1.109.0-insider,
2026-01-01,2026-01-28,2026-01-27,11374,10106366,blake_henry,2,3,1,1,1,15,0,5,0,visualstudio,17.14.23,
2026-01-01,2026-01-28,2026-01-27,11374,10179595,bruno_mbappe,12,8,0,1,1,30,0,0,0,vscode,1.108.1,
2026-01-01,2026-01-28,2026-01-27,11374,10223640,byakuya_arrow,2,2,0,1,1,2,0,0,0,vscode,1.108.2,
2026-01-01,2026-01-28,2026-01-27,11374,10145682,cade_esfandiari,10,6,0,1,1,25,0,71,0,vscode,1.109.0-insider,
2026-01-01,2026-01-28,2026-01-27,11374,10147452,carlos_hastings,15,28,0,1,1,12,0,3470,90,vscode,1.109.0-insider,
2026-01-01,2026-01-28,2026-01-27,11374,10021529,cate_panther,31,44,12,1,1,1194,0,982,235,visualstudio,17.14.25,
2026-01-01,2026-01-28,2026-01-27,11374,10126058,cate_white,7,4,0,1,1,1,0,588,0,vscode,1.108.1,
2026-01-01,2026-01-28,2026-01-27,11374,10127228,charles_kroos,1,2,0,1,1,30,0,0,2,vscode,1.107.1,
2026-01-01,2026-01-28,2026-01-27,11374,10217398,charlize_crimson,10,83,38,1,1,145,0,178,5,vscode,1.108.2,
2026-01-01,2026-01-28,2026-01-27,11374,10074164,charlize_strife,23,34,0,1,1,967,0,243,140,vscode,1.108.1,
2026-01-01,2026-01-28,2026-01-27,11374,10204037,chris_donquixote,1,23,1,1,1,20,0,908,0,vscode,1.108.2,
2026-01-01,2026-01-28,2026-01-27,11374,10239556,chun_ghost,1,2,0,1,1,2,0,0,0,vscode,1.109.0-insider,
2026-01-01,2026-01-28,2026-01-27,11374,10107694,dakota_hill,0,8,4,0,0,9,0,5,0,vscode,1.108.1,
2026-01-01,2026-01-28,2026-01-27,11374,10136181,damian_arlert,18,33,1,1,1,20,0,731,40,vscode,1.108.1,
2026-01-01,2026-01-28,2026-01-27,11374,10096555,deadpool_harden,49,56,3,1,1,151,0,1626,27,visualstudio,18.2.1,
2026-01-01,2026-01-28,2026-01-27,11374,10077416,denzel_diamond,15,23,0,1,1,26,0,183,78,vscode,1.108.2,
2026-01-01,2026-01-28,2026-01-27,11374,10137001,denzel_portman,8,76,1,1,1,118,0,1725,212,vscode,1.108.1,
2026-01-01,2026-01-28,2026-01-27,11374,10097744,doja_smith,4,14,5,0,1,21,0,5,0,vscode,1.108.0,
2026-01-01,2026-01-28,2026-01-27,11374,10246963,donovan_ivey,17,46,1,1,1,1682,0,1190,0,visualstudio,17.14.23,
2026-01-01,2026-01-28,2026-01-27,11374,10077927,echo_sandberg,1,3,0,1,1,0,0,9,9,vscode,1.108.1,
2026-01-01,2026-01-28,2026-01-27,11374,10122773,elon_nico,5,10,0,1,1,9,0,2,2,vscode,1.108.1,
2026-01-01,2026-01-28,2026-01-27,11374,10265708,eminem_mitchell,15,17,0,1,1,20,0,944,28,vscode,1.109.0-insider,
2026-01-01,2026-01-28,2026-01-27,11374,10114468,eren_davis,2,1,0,1,1,0,0,5,5,vscode,1.109.0-insider,
2026-01-01,2026-01-28,2026-01-27,11374,10061367,erling_island,67,98,1,1,1,707,0,464,178,visualstudio,17.14.25,
2026-01-01,2026-01-28,2026-01-27,11374,10112468,erling_jaeger,14,3,0,1,1,2,0,4,4,vscode,1.108.1,
2026-01-01,2026-01-28,2026-01-27,11374,10155561,evan_lamar,12,53,18,1,1,55,0,160,157,vscode,1.108.1,
2026-01-01,2026-01-28,2026-01-27,11374,10228419,federico_sane,6,109,16,1,1,106,0,471,7,vscode,1.108.2,
2026-01-01,2026-01-28,2026-01-27,11374,10229848,franky_abarai,38,88,0,1,1,520,0,372,2,vscode,1.108.2,
2026-01-01,2026-01-28,2026-01-27,11374,10057580,gavi_altman,4,4,0,1,1,21,0,0,0,vscode,1.108.2,
2026-01-01,2026-01-28,2026-01-27,11374,10133762,gavi_perez,15,120,0,1,1,2069,0,0,0,vscode,1.108.0,
2026-01-01,2026-01-28,2026-01-27,11374,10040219,getter_braun,11,8,0,1,1,24,0,0,0,vscode,1.108.2,
2026-01-01,2026-01-28,2026-01-27,11374,10075606,giannis_ocelot,25,21,0,1,1,69,0,1353,6,vscode,1.109.0-insider,
2026-01-01,2026-01-28,2026-01-27,11374,10072032,ginni_fox,3,20,0,1,1,2,0,2180,286,vscode,1.108.2,
2026-01-01,2026-01-28,2026-01-27,11374,10045757,grimmjow_russell,35,34,0,1,1,51,0,304,41,vscode,1.108.1,
2026-01-01,2026-01-28,2026-01-27,11374,10214249,hakeem_gates,0,1,0,0,0,1,0,0,0,vscode,1.109.0-insider,
2026-01-01,2026-01-28,2026-01-27,11374,10100171,hakeem_ghost,7,24,4,1,1,43,0,9,0,vscode,1.108.2,
2026-01-01,2026-01-28,2026-01-27,11374,10159680,hakeem_rexha,32,25,0,1,1,17,0,1106,101,vscode,1.108.1,
2026-01-01,2026-01-28,2026-01-27,11374,10012043,hawkeye_lewandowski,4,11,1,1,1,35,0,1,0,vscode,1.109.0-insider,
2026-01-01,2026-01-28,2026-01-27,11374,10003742,hayden_debruyne,4,0,0,1,1,0,0,0,0,vscode,1.108.2,
2026-01-01,2026-01-28,2026-01-27,11374,10236136,hulk_dicaprio,36,19,0,1,1,46,0,321,248,vscode,1.108.2,
2026-01-01,2026-01-28,2026-01-27,11374,10084301,isiah_force,10,5,0,1,1,26,0,4,4,vscode,1.108.2,
2026-01-01,2026-01-28,2026-01-27,11374,10244062,jennifer_cross,0,5,2,0,0,7,0,2,0,vscode,1.108.1,
2026-01-01,2026-01-28,2026-01-27,11374,10248246,jimmy_barnes,20,66,2,1,1,1278,0,1702,122,visualstudio,17.14.25,
2026-01-01,2026-01-28,2026-01-27,11374,10140105,johan_irving,29,79,46,1,1,3692,0,2971,7,visualstudio,17.14.25,
2026-01-01,2026-01-28,2026-01-27,11374,10086682,johan_south,0,4,0,0,0,4,0,0,0,visualstudio,17.14.23,
2026-01-01,2026-01-28,2026-01-27,11374,10129950,johnny_cyrus,1,235,46,1,1,250,0,75,1,vscode,1.108.2,
2026-01-01,2026-01-28,2026-01-27,11374,10049558,jude_bezos,82,145,0,1,1,1673,0,3596,1175,visualstudio,17.14.25,
2026-01-01,2026-01-28,2026-01-27,11374,10050685,julius_kuchiki,31,29,1,1,1,67,0,91,31,vscode,1.108.2,
2026-01-01,2026-01-28,2026-01-27,11374,10056435,kai_lawrence,10,68,0,1,1,2818,0,0,0,vscode,1.109.0-insider,
2026-01-01,2026-01-28,2026-01-27,11374,10264363,kakashi_weeknd,0,55,5,0,0,56,0,6,0,vscode,1.108.1,
2026-01-01,2026-01-28,2026-01-27,11374,10030566,katy_leonhart,33,38,1,1,1,85,0,2881,32,vscode,1.108.1,
2026-01-01,2026-01-28,2026-01-27,11374,10024695,kendrick_sun,35,45,11,1,1,198,0,648,199,vscode,1.108.2,
2026-01-01,2026-01-28,2026-01-27,11374,10190934,kirby_steel,3,2,1,1,1,1,0,59,44,vscode,1.108.2,
2026-01-01,2026-01-28,2026-01-27,11374,10015051,kratos_messi,20,22,2,1,1,42,0,55,18,visualstudio,17.14.25,
2026-01-01,2026-01-28,2026-01-27,11374,10090196,lando_booker,7,7,0,1,1,37,0,0,0,vscode,1.108.2,
2026-01-01,2026-01-28,2026-01-27,11374,10163083,leon_jaeger,3,14,0,1,1,0,0,858,69,vscode,1.108.2,
2026-01-01,2026-01-28,2026-01-27,11374,10148379,lizzo_lamar,1,3,0,1,1,7,0,0,0,vscode,1.108.2,
2026-01-01,2026-01-28,2026-01-27,11374,10164172,logan_weeknd,19,53,7,1,1,453,0,694,85,vscode,1.108.1,
2026-01-01,2026-01-28,2026-01-27,11374,10158813,luffy_nadella,6,0,0,1,1,0,0,0,0,vscode,1.108.2,
2026-01-01,2026-01-28,2026-01-27,11374,10083335,margot_haaland,26,13,6,1,1,595,0,164,0,visualstudio,17.14.23,
2026-01-01,2026-01-28,2026-01-27,11374,10103076,mason_ibrahimovic,38,57,0,1,1,512,0,1039,713,vscode,1.108.1,
2026-01-01,2026-01-28,2026-01-27,11374,10092158,matt_star,1,4,0,1,1,3,0,7,1,vscode,1.108.0,
2026-01-01,2026-01-28,2026-01-27,11374,10173376,michael_namikaze,0,1,0,0,0,1,0,0,0,vscode,1.108.0,
2026-01-01,2026-01-28,2026-01-27,11374,10023767,mikasa_goblin,0,15,1,0,0,15,0,1,0,vscode,1.108.1,
2026-01-01,2026-01-28,2026-01-27,11374,10006878,morgan_kennedy,25,23,0,1,1,195,0,510,3,vscode,1.108.2,
2026-01-01,2026-01-28,2026-01-27,11374,10019447,niki_leonard,100,234,29,1,1,220,0,1160,328,visualstudio,17.14.25,
2026-01-01,2026-01-28,2026-01-27,11374,10131547,panther_holz,12,8,0,1,1,18,0,17,0,vscode,1.108.2,
2026-01-01,2026-01-28,2026-01-27,11374,10073228,panther_verstappen,55,93,1,1,1,105,0,4160,644,vscode,1.108.1,
2026-01-01,2026-01-28,2026-01-27,11374,10005215,pedri_chief,6,41,8,1,1,36,0,49,16,vscode,1.108.1,
2026-01-01,2026-01-28,2026-01-27,11374,10189533,pieck_arrow,32,54,3,1,1,188,0,1066,208,vscode,1.108.0,
2026-01-01,2026-01-28,2026-01-27,11374,10227282,pierre_stone,4,8,0,1,1,8,0,170,8,vscode,1.108.2,
2026-01-01,2026-01-28,2026-01-27,11374,10129262,pikachu_curry,6,3,0,0,1,50,0,0,0,visualstudio,17.14.23,
2026-01-01,2026-01-28,2026-01-27,11374,10000787,renji_lipa,34,43,0,1,1,53,0,370,315,vscode,1.108.2,
2026-01-01,2026-01-28,2026-01-27,11374,10063827,riley_sancho,7,7,0,1,1,0,0,417,1,vscode,1.108.2,
2026-01-01,2026-01-28,2026-01-27,11374,10070690,safra_king,44,115,12,1,1,623,0,9128,133,vscode,1.108.2,
2026-01-01,2026-01-28,2026-01-27,11374,10032139,safra_leonhart,19,28,0,1,1,133,0,373,51,vscode,1.108.1,
2026-01-01,2026-01-28,2026-01-27,11374,10042524,sandra_hathaway,15,27,9,1,1,18,0,161,54,vscode,1.107.1,
2026-01-01,2026-01-28,2026-01-27,11374,10105853,sandra_mane,1,79,31,1,1,80,0,45,1,vscode,1.108.2,
2026-01-01,2026-01-28,2026-01-27,11374,10087626,sasuke_henry,6,18,0,1,1,32,0,406,14,vscode,1.108.2,
2026-01-01,2026-01-28,2026-01-27,11374,10253001,satya_theron,10,14,1,1,1,4,0,788,116,vscode,1.109.0-insider,
2026-01-01,2026-01-28,2026-01-27,11374,10108988,scarlett_diamond,2,0,0,1,1,0,0,0,0,vscode,1.108.2,
2026-01-01,2026-01-28,2026-01-27,11374,10120175,sebastian_woman,0,21,0,0,0,32,0,0,0,vscode,1.108.2,
2026-01-01,2026-01-28,2026-01-27,11374,10201474,selena_hanks,0,14,10,0,0,18,0,14,0,visualstudio,17.14.25,
2026-01-01,2026-01-28,2026-01-27,11374,10116365,shakira_braun,11,31,10,1,1,20,0,3705,88,vscode,1.108.1,
2026-01-01,2026-01-28,2026-01-27,11374,10010217,shaquille_washington,1,3,0,1,1,11,0,0,0,vscode,1.108.1,
2026-01-01,2026-01-28,2026-01-27,11374,10085186,stewart_ricciardo,11,22,2,1,1,158,0,401,103,vscode,1.108.1,
2026-01-01,2026-01-28,2026-01-27,11374,10135203,storm_lillard,22,60,0,1,1,177,0,1603,37,vscode,1.108.2,
2026-01-01,2026-01-28,2026-01-27,11374,10036476,travis_mount,21,83,4,1,1,45,0,572,669,vscode,1.108.0,
2026-01-01,2026-01-28,2026-01-27,11374,10226161,vergil_young,4,5,0,1,1,5,0,0,0,vscode,1.108.2,
2026-01-01,2026-01-28,2026-01-27,11374,10092587,weeknd_altman,0,1,1,0,0,1,0,1,0,vscode,1.106.3,
2026-01-01,2026-01-28,2026-01-27,11374,10068696,wolverine_abarai,0,1,0,0,0,1,0,0,0,vscode,1.105.1,
2026-01-01,2026-01-28,2026-01-27,11374,10007827,wolverine_vinsmoke,3,0,0,0,1,0,0,0,0,vscode,1.109.0-insider,
2026-01-01,2026-01-28,2026-01-27,11374,10117976,wonder_mitchell,8,16,1,1,1,4,0,122,539,vscode,1.108.1,
2026-01-01,2026-01-28,2026-01-27,11374,10031568,wonder_young,6,7,0,1,1,7,0,45,26,vscode,1.108.1,
2026-01-01,2026-01-28,2026-01-26,11374,10232569,ace_lawrence,15,29,0,1,1,114,0,8,8,vscode,1.109.0-insider,
2026-01-01,2026-01-28,2026-01-26,11374,10034210,afrojack_damon,66,144,1,1,1,120,0,4547,591,vscode,1.109.0-insider,
2026-01-01,2026-01-28,2026-01-26,11374,10191410,akuma_musiala,30,50,7,1,1,29,0,2205,179,vscode,1.106.3,
2026-01-01,2026-01-28,2026-01-26,11374,10002532,alesso_north,18,29,4,1,1,33,0,9,1,visualstudio,17.14.23,
2026-01-01,2026-01-28,2026-01-26,11374,10218597,ayrton_irving,2,23,0,1,1,23,0,2803,0,vscode,1.107.1,
2026-01-01,2026-01-28,2026-01-26,11374,10019942,big_harris,131,169,0,1,1,1013,0,6470,34,vscode,1.109.0-insider,
2026-01-01,2026-01-28,2026-01-26,11374,10237663,brad_lauda,4,3,0,1,1,11,0,0,0,vscode,1.108.2,
2026-01-01,2026-01-28,2026-01-26,11374,10244800,bruno_downey,0,3,0,0,0,3,0,0,0,vscode,1.109.0-insider,
2026-01-01,2026-01-28,2026-01-26,11374,10021529,cate_panther,9,20,6,1,1,110,0,129,7,visualstudio,17.14.23,
2026-01-01,2026-01-28,2026-01-26,11374,10126058,cate_white,16,8,0,1,1,1,0,818,0,vscode,1.108.1,
2026-01-01,2026-01-28,2026-01-26,11374,10074164,charlize_strife,60,117,1,1,1,1809,0,2756,870,vscode,1.108.1,
2026-01-01,2026-01-28,2026-01-26,11374,10077927,echo_sandberg,39,56,0,1,1,2,0,1445,569,vscode,1.108.1,
2026-01-01,2026-01-28,2026-01-26,11374,10122773,elon_nico,12,16,0,1,1,157,0,0,0,vscode,1.108.1,
2026-01-01,2026-01-28,2026-01-26,11374,10208610,eminem_tatum,0,30,4,0,0,30,0,4,0,vscode,1.108.0,
2026-01-01,2026-01-28,2026-01-26,11374,10114468,eren_davis,1,0,0,1,1,0,0,0,0,vscode,1.109.0-insider,
2026-01-01,2026-01-28,2026-01-26,11374,10061367,erling_island,1,0,0,1,1,0,0,0,0,visualstudio,17.14.23,
2026-01-01,2026-01-28,2026-01-26,11374,10082157,excision_north,2,9,0,1,1,10,0,573,0,vscode,1.109.0-insider,
2026-01-01,2026-01-28,2026-01-26,11374,10229848,franky_abarai,13,38,0,1,1,218,0,82,0,vscode,1.108.1,
2026-01-01,2026-01-28,2026-01-26,11374,10075606,giannis_ocelot,29,150,83,1,1,269,0,1518,7,vscode,1.109.0-insider,
2026-01-01,2026-01-28,2026-01-26,11374,10072032,ginni_fox,1,8,0,1,1,0,0,194,47,vscode,1.109.0-insider,
2026-01-01,2026-01-28,2026-01-26,11374,10089635,goku_houston,5,7,0,1,1,29,0,0,0,vscode,1.109.0-insider,
2026-01-01,2026-01-28,2026-01-26,11374,10100171,hakeem_ghost,3,1,0,1,1,0,0,195,0,vscode,1.108.2,
2026-01-01,2026-01-28,2026-01-26,11374,10003742,hayden_debruyne,13,3,0,1,1,0,0,341,3,vscode,1.108.2,
2026-01-01,2026-01-28,2026-01-26,11374,10129950,johnny_cyrus,3,439,114,0,1,519,0,154,0,vscode,1.108.1,
2026-01-01,2026-01-28,2026-01-26,11374,10233922,joshua_robbie,2,2,0,1,1,0,0,10,1,vscode,1.109.0-insider,
2026-01-01,2026-01-28,2026-01-26,11374,10056435,kai_lawrence,8,6,0,1,1,32,0,0,0,vscode,1.109.0-insider,
2026-01-01,2026-01-28,2026-01-26,11374,10249731,kareem_marvel,0,1,0,0,0,1,0,0,0,vscode,1.108.0,
2026-01-01,2026-01-28,2026-01-26,11374,10062309,kd_prime,4,1,0,1,1,0,0,21,0,vscode,1.108.2,
2026-01-01,2026-01-28,2026-01-26,11374,10022773,ken_cyrus,1,6,0,1,1,14,0,827,0,vscode,1.108.1,
2026-01-01,2026-01-28,2026-01-26,11374,10148379,lizzo_lamar,3,2,0,1,1,0,0,90,0,vscode,1.108.1,
2026-01-01,2026-01-28,2026-01-26,11374,10158813,luffy_nadella,115,240,6,1,1,498,0,9792,1097,vscode,1.108.0,
2026-01-01,2026-01-28,2026-01-26,11374,10083335,margot_haaland,17,9,5,1,1,219,0,89,2,visualstudio,17.14.23,
2026-01-01,2026-01-28,2026-01-26,11374,10166142,mark_taa,6,15,2,1,1,1069,0,2093,618,visualstudio,18.2.1,
2026-01-01,2026-01-28,2026-01-26,11374,10199058,martin_kuchiki,12,14,0,1,1,11,0,708,121,vscode,1.108.1,
2026-01-01,2026-01-28,2026-01-26,11374,10092158,matt_star,2,15,3,1,1,15,0,3,0,vscode,1.108.0,
2026-01-01,2026-01-28,2026-01-26,11374,10023767,mikasa_goblin,71,203,19,1,1,2719,0,43,5,vscode,1.108.1,
2026-01-01,2026-01-28,2026-01-26,11374,10019447,niki_leonard,31,48,0,1,1,0,0,497,69,visualstudio,17.14.23,
2026-01-01,2026-01-28,2026-01-26,11374,10131547,panther_holz,1,2,0,1,1,2,0,0,0,vscode,1.108.1,
2026-01-01,2026-01-28,2026-01-26,11374,10005215,pedri_chief,7,23,4,1,1,29,0,114,83,vscode,1.108.1,
2026-01-01,2026-01-28,2026-01-26,11374,10189533,pieck_arrow,4,1,0,1,1,1,0,0,0,vscode,1.108.0,
2026-01-01,2026-01-28,2026-01-26,11374,10038955,renji_sasha,4,9,0,1,1,27,0,0,0,vscode,1.108.2,
2026-01-01,2026-01-28,2026-01-26,11374,10028089,robert_gold,84,214,4,1,1,235,0,1355,245,vscode,1.109.0-insider,
2026-01-01,2026-01-28,2026-01-26,11374,10017510,ryu_moore,11,21,0,1,1,17,0,2037,354,vscode,1.108.1,
2026-01-01,2026-01-28,2026-01-26,11374,10070690,safra_king,30,59,1,1,1,98,0,3700,150,vscode,1.108.2,
2026-01-01,2026-01-28,2026-01-26,11374,10042524,sandra_hathaway,51,55,12,1,1,26,0,748,103,vscode,1.107.1,
2026-01-01,2026-01-28,2026-01-26,11374,10105853,sandra_mane,2,102,29,1,1,112,0,63,3,vscode,1.108.2,
2026-01-01,2026-01-28,2026-01-26,11374,10087626,sasuke_henry,8,17,1,1,1,161,0,2581,32,vscode,1.108.2,
2026-01-01,2026-01-28,2026-01-26,11374,10120175,sebastian_woman,0,65,11,0,0,67,0,12,0,vscode,1.108.2,
2026-01-01,2026-01-28,2026-01-26,11374,10181028,sergio_king,16,25,1,1,1,150,0,88,1,vscode,1.108.1,
2026-01-01,2026-01-28,2026-01-26,11374,10010217,shaquille_washington,7,6,0,1,1,4,0,16,14,vscode,1.108.1,
2026-01-01,2026-01-28,2026-01-26,11374,10016540,shazam_hunter,1,0,0,1,1,0,0,0,0,vscode,1.109.0-insider,
2026-01-01,2026-01-28,2026-01-26,11374,10154999,storm_bonomo,2,10,7,0,1,14,0,12,0,vscode,1.108.2,
2026-01-01,2026-01-28,2026-01-26,11374,10226161,vergil_young,8,7,0,1,1,23,0,5,2,vscode,1.108.2,
2026-01-01,2026-01-28,2026-01-26,11374,10068696,wolverine_abarai,2,12,2,1,1,19,0,2,0,vscode,1.105.1,
2026-01-01,2026-01-28,2026-01-26,11374,10031568,wonder_young,28,128,2,1,1,427,0,2420,252,vscode,1.108.1,
2026-01-01,2026-01-28,2026-01-26,11374,10065774,yuki_archer,14,29,7,0,1,412,0,180,20,vscode,1.106.3,
2026-01-01,2026-01-28,2026-01-25,11374,10034210,afrojack_damon,15,26,9,1,1,64,0,26,0,vscode,1.109.0-insider,
2026-01-01,2026-01-28,2026-01-25,11374,10019942,big_harris,42,49,0,1,1,669,0,726,37,vscode,1.109.0-insider,
2026-01-01,2026-01-28,2026-01-25,11374,10074164,charlize_strife,25,19,7,1,1,725,0,584,29,visualstudio,17.14.23,
2026-01-01,2026-01-28,2026-01-25,11374,10079301,cristiano_jordan,25,17,1,1,1,45,0,189,8,vscode,1.108.2,
2026-01-01,2026-01-28,2026-01-25,11374,10077927,echo_sandberg,14,10,0,1,1,2,0,343,98,vscode,1.108.1,
2026-01-01,2026-01-28,2026-01-25,11374,10082157,excision_north,21,77,0,1,1,61,0,6874,83,vscode,1.109.0-insider,
2026-01-01,2026-01-28,2026-01-25,11374,10075606,giannis_ocelot,31,35,4,1,1,599,0,879,229,vscode,1.109.0-insider,
2026-01-01,2026-01-28,2026-01-25,11374,10072032,ginni_fox,23,124,1,1,1,6,0,8459,930,vscode,1.109.0-insider,
2026-01-01,2026-01-28,2026-01-25,11374,10012043,hawkeye_lewandowski,1,0,0,1,1,0,0,0,0,vscode,1.109.0-insider,
2026-01-01,2026-01-28,2026-01-25,11374,10014477,isiah_taa,0,21,2,0,0,21,0,2,0,vscode,1.108.1,
2026-01-01,2026-01-28,2026-01-25,11374,10015051,kratos_messi,1,0,0,1,1,0,0,0,0,visualstudio,17.14.23,
2026-01-01,2026-01-28,2026-01-25,11374,10023767,mikasa_goblin,58,90,0,1,1,1424,0,88,17,vscode,1.108.1,
2026-01-01,2026-01-28,2026-01-25,11374,10019447,niki_leonard,62,125,8,1,1,32,0,836,183,visualstudio,17.14.23,
2026-01-01,2026-01-28,2026-01-25,11374,10129262,pikachu_curry,4,6,0,0,1,216,0,0,0,visualstudio,17.14.23,
2026-01-01,2026-01-28,2026-01-25,11374,10142303,reese_depp,0,16,1,0,0,16,0,1,0,vscode,1.108.2,
2026-01-01,2026-01-28,2026-01-25,11374,10038955,renji_sasha,8,10,1,1,1,16,0,3152,0,vscode,1.108.1,
2026-01-01,2026-01-28,2026-01-25,11374,10080395,rezz_beckham,7,2,0,1,1,13,0,0,0,vscode,1.108.2,
2026-01-01,2026-01-28,2026-01-25,11374,10063827,riley_sancho,5,0,0,1,1,0,0,0,0,vscode,1.108.2,
2026-01-01,2026-01-28,2026-01-25,11374,10028089,robert_gold,30,81,0,1,1,40,0,3318,234,vscode,1.109.0-insider,
2026-01-01,2026-01-28,2026-01-25,11374,10017510,ryu_moore,5,16,1,1,1,537,0,119,0,vscode,1.108.1,
2026-01-01,2026-01-28,2026-01-25,11374,10032139,safra_leonhart,1,0,0,1,1,0,0,0,0,vscode,1.108.1,
2026-01-01,2026-01-28,2026-01-25,11374,10087626,sasuke_henry,14,32,1,1,1,45,0,2202,538,vscode,1.108.2,
2026-01-01,2026-01-28,2026-01-25,11374,10016540,shazam_hunter,63,110,0,1,1,1154,0,1749,80,vscode,1.109.0-insider,
2026-01-01,2026-01-28,2026-01-25,11374,10068696,wolverine_abarai,1,227,54,1,1,258,0,100,0,vscode,1.105.1,
2026-01-01,2026-01-28,2026-01-25,11374,10117976,wonder_mitchell,3,5,0,1,1,4,0,11,2,vscode,1.108.1,
2026-01-01,2026-01-28,2026-01-25,11374,10031568,wonder_young,8,43,0,1,1,413,0,1065,20,vscode,1.108.1,
2026-01-01,2026-01-28,2026-01-24,11374,10145682,cade_esfandiari,7,7,0,1,1,22,0,0,0,vscode,1.109.0-insider,
2026-01-01,2026-01-28,2026-01-24,11374,10147452,carlos_hastings,9,32,0,1,1,66,0,6,5,vscode,1.109.0-insider,
2026-01-01,2026-01-28,2026-01-24,11374,10126058,cate_white,12,6,0,1,1,8,0,214,6,vscode,1.108.1,
2026-01-01,2026-01-28,2026-01-24,11374,10127228,charles_kroos,14,39,4,1,1,301,0,1074,363,vscode,1.107.1,
2026-01-01,2026-01-28,2026-01-24,11374,10079301,cristiano_jordan,4,4,1,1,1,25,0,1,0,vscode,1.108.2,
2026-01-01,2026-01-28,2026-01-24,11374,10096555,deadpool_harden,34,40,2,1,1,153,0,714,131,visualstudio,18.2.1,
2026-01-01,2026-01-28,2026-01-24,11374,10097744,doja_smith,1,1,0,0,1,8,0,0,0,vscode,1.108.0,
2026-01-01,2026-01-28,2026-01-24,11374,10077927,echo_sandberg,22,15,0,1,1,0,0,602,14,vscode,1.108.1,
2026-01-01,2026-01-28,2026-01-24,11374,10112468,erling_jaeger,15,13,3,1,1,87,0,7,0,vscode,1.108.1,
2026-01-01,2026-01-28,2026-01-24,11374,10100171,hakeem_ghost,3,19,0,1,1,22,0,1434,94,vscode,1.108.2,
2026-01-01,2026-01-28,2026-01-24,11374,10014477,isiah_taa,22,55,5,1,1,376,0,105,25,vscode,1.108.1,
2026-01-01,2026-01-28,2026-01-24,11374,10129950,johnny_cyrus,0,27,7,0,0,39,0,9,0,vscode,1.108.1,
2026-01-01,2026-01-28,2026-01-24,11374,10013072,lady_valentine,3,6,0,1,1,16,0,432,1,vscode,1.108.2,
2026-01-01,2026-01-28,2026-01-24,11374,10090196,lando_booker,11,13,0,1,1,131,0,0,0,vscode,1.108.1,
2026-01-01,2026-01-28,2026-01-24,11374,10182218,lara_salah,1,1,0,0,1,11,0,0,0,vscode,1.108.1,
2026-01-01,2026-01-28,2026-01-24,11374,10023767,mikasa_goblin,106,50,5,1,1,112,0,566,2620,vscode,1.108.1,
2026-01-01,2026-01-28,2026-01-24,11374,10006878,morgan_kennedy,15,131,28,1,1,344,0,51,0,vscode,1.108.2,
2026-01-01,2026-01-28,2026-01-24,11374,10142303,reese_depp,0,3,0,0,0,3,0,0,0,vscode,1.108.2,
2026-01-01,2026-01-28,2026-01-24,11374,10038955,renji_sasha,4,29,0,1,1,16,0,7895,0,vscode,1.108.1,
2026-01-01,2026-01-28,2026-01-24,11374,10028089,robert_gold,17,19,0,1,1,0,0,1234,21,vscode,1.109.0-insider,
2026-01-01,2026-01-28,2026-01-24,11374,10047615,sakura_jassy,2,1,0,1,1,0,0,27,0,vscode,1.108.0,
2026-01-01,2026-01-28,2026-01-24,11374,10087626,sasuke_henry,52,128,7,1,1,206,0,986,323,vscode,1.108.1,
2026-01-01,2026-01-28,2026-01-24,11374,10031568,wonder_young,23,166,0,1,1,492,0,5780,806,vscode,1.108.1,
2026-01-01,2026-01-28,2026-01-23,11374,10232569,ace_lawrence,19,21,0,1,1,22,0,74,32,vscode,1.109.0-insider,
2026-01-01,2026-01-28,2026-01-23,11374,10070028,akuma_antetokounmpo,9,12,0,1,1,2,0,696,181,visualstudio,18.3.0-insiders,
2026-01-01,2026-01-28,2026-01-23,11374,10123630,andy_america,10,298,92,1,1,731,0,255,53,vscode,1.108.1,
2026-01-01,2026-01-28,2026-01-23,11374,10121359,aqua_messi,11,29,0,1,1,32,0,2179,790,vscode,1.108.2,
2026-01-01,2026-01-28,2026-01-23,11374,10028868,atlas_man,2,2,0,1,1,0,0,19,27,vscode,1.108.1,
2026-01-01,2026-01-28,2026-01-23,11374,10106366,blake_henry,7,15,1,1,1,79,0,53,402,visualstudio,17.14.23,
2026-01-01,2026-01-28,2026-01-23,11374,10244800,bruno_downey,0,11,2,0,0,11,0,2,0,vscode,1.108.0,
2026-01-01,2026-01-28,2026-01-23,11374,10179595,bruno_mbappe,2,1,0,1,1,0,0,1,1,vscode,1.108.1,
2026-01-01,2026-01-28,2026-01-23,11374,10147452,carlos_hastings,22,26,1,1,1,99,0,5,0,vscode,1.109.0-insider,
2026-01-01,2026-01-28,2026-01-23,11374,10021529,cate_panther,12,12,3,1,1,346,0,159,70,visualstudio,17.14.23,
2026-01-01,2026-01-28,2026-01-23,11374,10126058,cate_white,39,69,0,1,1,1423,0,573,8,vscode,1.108.1,
2026-01-01,2026-01-28,2026-01-23,11374,10127228,charles_kroos,5,33,1,1,1,16,0,342,210,vscode,1.107.1,
2026-01-01,2026-01-28,2026-01-23,11374,10074164,charlize_strife,66,94,3,1,1,526,0,7258,207,vscode,1.108.1,
2026-01-01,2026-01-28,2026-01-23,11374,10245820,chun_price,17,12,2,1,1,227,0,78,16,vscode,1.108.2,
2026-01-01,2026-01-28,2026-01-23,11374,10107694,dakota_hill,0,3,1,0,0,3,0,1,0,vscode,1.108.1,
2026-01-01,2026-01-28,2026-01-23,11374,10240956,dante_ghost,0,10,2,0,0,25,0,2,0,visualstudio,17.14.25,
2026-01-01,2026-01-28,2026-01-23,11374,10096555,deadpool_harden,30,19,0,1,1,6,0,129,39,vscode,1.108.1,
2026-01-01,2026-01-28,2026-01-23,11374,10077416,denzel_diamond,14,9,2,1,1,4,0,105,53,vscode,1.108.1,
2026-01-01,2026-01-28,2026-01-23,11374,10137001,denzel_portman,2,6,0,1,1,0,0,89,38,vscode,1.108.0,
2026-01-01,2026-01-28,2026-01-23,11374,10097744,doja_smith,10,51,1,1,1,25,0,700,248,vscode,1.108.0,
2026-01-01,2026-01-28,2026-01-23,11374,10077927,echo_sandberg,13,65,9,1,1,632,0,86,22,visualstudio,22.2.1,
2026-01-01,2026-01-28,2026-01-23,11374,10114468,eren_davis,2,4,0,1,1,2,0,7,0,vscode,1.109.0-insider,
2026-01-01,2026-01-28,2026-01-23,11374,10112468,erling_jaeger,15,23,4,1,1,28,0,207,23,visualstudio,17.14.23,
2026-01-01,2026-01-28,2026-01-23,11374,10228419,federico_sane,5,59,8,1,1,64,0,12,2,vscode,1.108.1,
2026-01-01,2026-01-28,2026-01-23,11374,10057580,gavi_altman,4,16,6,1,1,13,0,19,3,vscode,1.108.1,
2026-01-01,2026-01-28,2026-01-23,11374,10133762,gavi_perez,6,11,0,1,1,49,0,1,1,vscode,1.108.0,
2026-01-01,2026-01-28,2026-01-23,11374,10100171,hakeem_ghost,26,66,0,1,1,32,0,1919,279,vscode,1.108.2,
2026-01-01,2026-01-28,2026-01-23,11374,10098892,harry_rice,14,61,15,1,1,124,0,143,67,vscode,1.108.1,
2026-01-01,2026-01-28,2026-01-23,11374,10236136,hulk_dicaprio,6,4,0,1,1,2,0,154,66,vscode,1.108.2,
2026-01-01,2026-01-28,2026-01-23,11374,10014477,isiah_taa,9,54,7,1,1,250,0,8,0,vscode,1.108.1,
2026-01-01,2026-01-28,2026-01-23,11374,10244062,jennifer_cross,1,2,0,1,1,2,0,0,0,vscode,1.108.1,
2026-01-01,2026-01-28,2026-01-23,11374,10043821,jimmy_galfond,4,83,12,1,1,98,0,89,47,vscode,1.108.1,
2026-01-01,2026-01-28,2026-01-23,11374,10140105,johan_irving,18,52,23,0,1,2286,0,2170,0,visualstudio,17.14.23,
2026-01-01,2026-01-28,2026-01-23,11374,10086682,johan_south,0,1,1,0,1,1,0,0,0,visualstudio,17.14.23,
2026-01-01,2026-01-28,2026-01-23,11374,10129950,johnny_cyrus,0,109,27,0,0,128,0,36,0,vscode,1.108.1,
2026-01-01,2026-01-28,2026-01-23,11374,10049558,jude_bezos,23,53,0,1,1,829,0,5612,984,visualstudio,17.14.23,
2026-01-01,2026-01-28,2026-01-23,11374,10202398,kai_verstappen,3,0,0,1,1,0,0,0,0,vscode,1.108.2,
2026-01-01,2026-01-28,2026-01-23,11374,10022773,ken_cyrus,1,0,0,1,1,0,0,0,0,vscode,1.108.1,
2026-01-01,2026-01-28,2026-01-23,11374,10024695,kendrick_sun,24,43,5,1,1,763,0,10979,47,vscode,1.108.1,
2026-01-01,2026-01-28,2026-01-23,11374,10015051,kratos_messi,7,12,1,1,1,8,0,1010,7,visualstudio,17.14.23,
2026-01-01,2026-01-28,2026-01-23,11374,10013072,lady_valentine,1,0,0,1,1,0,0,0,0,vscode,1.108.2,
2026-01-01,2026-01-28,2026-01-23,11374,10090196,lando_booker,8,9,0,1,1,18,0,0,0,vscode,1.108.1,
2026-01-01,2026-01-28,2026-01-23,11374,10163083,leon_jaeger,131,94,4,1,1,200,0,1503,113,vscode,1.108.2,
2026-01-01,2026-01-28,2026-01-23,11374,10148379,lizzo_lamar,0,12,1,0,0,12,0,2,0,vscode,1.108.1,
2026-01-01,2026-01-28,2026-01-23,11374,10209949,luffy_jobs,25,23,0,1,1,270,0,817,12,vscode,1.108.2,
2026-01-01,2026-01-28,2026-01-23,11374,10175303,luigi_henry,0,22,9,0,0,22,0,12,0,vscode,1.108.1,
2026-01-01,2026-01-28,2026-01-23,11374,10083335,margot_haaland,28,19,7,1,1,475,0,253,27,visualstudio,17.14.23,
2026-01-01,2026-01-28,2026-01-23,11374,10103076,mason_ibrahimovic,15,32,0,1,1,857,0,277,215,vscode,1.108.1,
2026-01-01,2026-01-28,2026-01-23,11374,10023767,mikasa_goblin,22,3,1,1,1,1,0,87,37,vscode,1.108.1,
2026-01-01,2026-01-28,2026-01-23,11374,10006878,morgan_kennedy,16,133,33,1,1,423,0,96,3,vscode,1.108.2,
2026-01-01,2026-01-28,2026-01-23,11374,10019447,niki_leonard,0,3,0,1,1,1,0,2,2,visualstudio,17.14.23,
2026-01-01,2026-01-28,2026-01-23,11374,10131547,panther_holz,1,2,0,1,1,6,0,0,0,vscode,1.108.1,
2026-01-01,2026-01-28,2026-01-23,11374,10073228,panther_verstappen,35,77,27,1,1,104,0,1230,76,vscode,1.108.1,
2026-01-01,2026-01-28,2026-01-23,11374,10183296,paul_booker,32,37,0,1,1,235,0,2523,859,vscode,1.108.0,
2026-01-01,2026-01-28,2026-01-23,11374,10005215,pedri_chief,8,25,4,1,1,16,0,69,10,vscode,1.108.1,
2026-01-01,2026-01-28,2026-01-23,11374,10110220,pieck_namikaze,20,31,0,1,1,24,0,781,254,visualstudio,18.2.0,
2026-01-01,2026-01-28,2026-01-23,11374,10129262,pikachu_curry,17,58,5,0,1,1123,0,17,0,visualstudio,17.14.23,
2026-01-01,2026-01-28,2026-01-23,11374,10038955,renji_sasha,41,101,0,1,1,114,0,6207,172,vscode,1.108.1,
2026-01-01,2026-01-28,2026-01-23,11374,10063827,riley_sancho,2,7,0,1,1,38,0,0,0,vscode,1.108.1,
2026-01-01,2026-01-28,2026-01-23,11374,10028089,robert_gold,125,246,4,1,1,65,0,5689,1692,vscode,1.109.0-insider,
2026-01-01,2026-01-28,2026-01-23,11374,10256075,rubens_hawk,6,4,0,1,1,0,0,13,8,visualstudio,18.2.1,
2026-01-01,2026-01-28,2026-01-23,11374,10254432,russell_nara,3,0,0,0,1,0,0,0,0,vscode,1.105.1,
2026-01-01,2026-01-28,2026-01-23,11374,10017510,ryu_moore,4,3,0,1,1,59,0,0,0,vscode,1.108.1,
2026-01-01,2026-01-28,2026-01-23,11374,10070690,safra_king,90,164,12,1,1,229,0,3290,564,vscode,1.109.0-insider,
2026-01-01,2026-01-28,2026-01-23,11374,10032139,safra_leonhart,5,8,0,1,1,40,0,0,0,visualstudio,17.14.23,
2026-01-01,2026-01-28,2026-01-23,11374,10042524,sandra_hathaway,0,2,0,0,0,2,0,0,0,vscode,1.107.1,
2026-01-01,2026-01-28,2026-01-23,11374,10105853,sandra_mane,0,47,18,0,0,48,0,22,0,vscode,1.108.1,
2026-01-01,2026-01-28,2026-01-23,11374,10087626,sasuke_henry,37,112,2,1,1,325,0,1767,1041,vscode,1.108.1,
2026-01-01,2026-01-28,2026-01-23,11374,10108988,scarlett_diamond,19,5,0,1,1,0,0,2097,7,visualstudio,17.14.25,
2026-01-01,2026-01-28,2026-01-23,11374,10120175,sebastian_woman,0,7,0,0,0,7,0,0,0,vscode,1.108.1,
2026-01-01,2026-01-28,2026-01-23,11374,10201474,selena_hanks,0,3,0,0,0,3,0,0,0,vscode,1.108.1,
2026-01-01,2026-01-28,2026-01-23,11374,10259924,shaquille_grande,5,5,0,1,1,0,0,624,7,vscode,1.107.1,
2026-01-01,2026-01-28,2026-01-23,11374,10010217,shaquille_washington,0,0,1,1,1,0,0,0,0,vscode,1.108.1,
2026-01-01,2026-01-28,2026-01-23,11374,10085186,stewart_ricciardo,5,9,4,1,1,534,0,529,0,visualstudio,17.14.23,
2026-01-01,2026-01-28,2026-01-23,11374,10135203,storm_lillard,35,46,0,1,1,189,0,3557,159,vscode,1.108.2,
2026-01-01,2026-01-28,2026-01-23,11374,10044523,storm_westbrook,2,0,0,1,1,0,0,0,0,vscode,1.108.1,
2026-01-01,2026-01-28,2026-01-23,11374,10036476,travis_mount,3,4,0,1,1,1,0,54,28,vscode,1.108.0,
2026-01-01,2026-01-28,2026-01-23,11374,10269173,trent_hemsworth,0,1,0,0,0,1,0,0,0,visualstudio,17.14.23,
2026-01-01,2026-01-28,2026-01-23,11374,10092587,weeknd_altman,1,4,0,1,1,7,0,2,0,vscode,1.106.3,
2026-01-01,2026-01-28,2026-01-23,11374,10007827,wolverine_vinsmoke,39,18,0,1,1,183,0,74,2,vscode,1.109.0-insider,
2026-01-01,2026-01-28,2026-01-23,11374,10031568,wonder_young,8,22,0,1,1,157,0,1309,66,vscode,1.108.1,
2026-01-01,2026-01-28,2026-01-22,11374,10048380,ace_east,2,1,0,0,1,2,0,0,0,visualstudio,17.14.23,
2026-01-01,2026-01-28,2026-01-22,11374,10034210,afrojack_damon,5,13,6,1,1,24,0,13,0,vscode,1.109.0-insider,
2026-01-01,2026-01-28,2026-01-22,11374,10070028,akuma_antetokounmpo,40,111,0,1,1,82,0,5866,521,visualstudio,18.3.0-insiders,
2026-01-01,2026-01-28,2026-01-22,11374,10191410,akuma_musiala,28,20,3,1,1,31,0,1524,9,vscode,1.106.3,
2026-01-01,2026-01-28,2026-01-22,11374,10206734,armin_perry,5,9,0,1,1,15,0,207,0,vscode,1.108.0,
2026-01-01,2026-01-28,2026-01-22,11374,10221641,aspen_garrix,8,11,1,1,1,8,0,7,12,vscode,1.108.1,
2026-01-01,2026-01-28,2026-01-22,11374,10028868,atlas_man,1,2,0,1,1,4,0,0,0,vscode,1.108.1,
2026-01-01,2026-01-28,2026-01-22,11374,10019942,big_harris,3,6,0,1,1,23,0,67,38,vscode,1.109.0-insider,
2026-01-01,2026-01-28,2026-01-22,11374,10244800,bruno_downey,1,4,0,1,1,4,0,0,0,vscode,1.109.0-insider,
2026-01-01,2026-01-28,2026-01-22,11374,10179595,bruno_mbappe,18,11,3,1,1,33,0,92,108,vscode,1.108.1,
2026-01-01,2026-01-28,2026-01-22,11374,10145682,cade_esfandiari,1,3,0,1,1,12,0,0,0,vscode,1.109.0-insider,
2026-01-01,2026-01-28,2026-01-22,11374,10272872,carlos_foxen,30,23,0,1,1,62,0,651,173,vscode,1.108.1,
2026-01-01,2026-01-28,2026-01-22,11374,10021529,cate_panther,25,38,13,1,1,868,0,1148,455,visualstudio,17.14.23,
2026-01-01,2026-01-28,2026-01-22,11374,10166816,cell_doom,0,1,0,1,1,0,0,1,1,visualstudio,17.14.23,
2026-01-01,2026-01-28,2026-01-22,11374,10127228,charles_kroos,17,31,3,1,1,26,0,532,65,vscode,1.107.1,
2026-01-01,2026-01-28,2026-01-22,11374,10074164,charlize_strife,6,15,0,1,1,11,0,708,39,vscode,1.108.1,
2026-01-01,2026-01-28,2026-01-22,11374,10204037,chris_donquixote,1,83,28,1,1,138,0,58,4,vscode,1.108.1,
2026-01-01,2026-01-28,2026-01-22,11374,10169299,chun_styles,22,95,14,1,1,6611,0,2624,219,vscode,1.108.1,
2026-01-01,2026-01-28,2026-01-22,11374,10107694,dakota_hill,0,34,13,0,0,38,0,21,0,vscode,1.108.1,
2026-01-01,2026-01-28,2026-01-22,11374,10136181,damian_arlert,1,0,0,1,1,0,0,0,0,vscode,1.108.0,
2026-01-01,2026-01-28,2026-01-22,11374,10240956,dante_ghost,0,1,0,0,0,1,0,0,0,visualstudio,17.14.25,
2026-01-01,2026-01-28,2026-01-22,11374,10096555,deadpool_harden,4,5,0,1,1,4,0,2,2,vscode,1.108.1,
2026-01-01,2026-01-28,2026-01-22,11374,10077416,denzel_diamond,23,46,5,1,1,10,0,1707,382,vscode,1.108.0,
2026-01-01,2026-01-28,2026-01-22,11374,10137001,denzel_portman,44,59,0,1,1,30,0,1688,1180,vscode,1.108.0,
2026-01-01,2026-01-28,2026-01-22,11374,10097744,doja_smith,37,192,30,1,1,423,0,869,476,vscode,1.108.0,
2026-01-01,2026-01-28,2026-01-22,11374,10266592,echo_kurosaki,1,0,0,0,1,0,0,0,0,vscode,1.108.1,
2026-01-01,2026-01-28,2026-01-22,11374,10077927,echo_sandberg,12,18,3,0,1,120,0,17,0,vscode,1.108.1,
2026-01-01,2026-01-28,2026-01-22,11374,10061367,erling_island,5,2,0,1,1,9,0,0,1,visualstudio,17.14.23,
2026-01-01,2026-01-28,2026-01-22,11374,10112468,erling_jaeger,28,9,1,1,1,23,0,1,0,vscode,1.108.1,
2026-01-01,2026-01-28,2026-01-22,11374,10103786,erling_neon,5,8,1,1,1,45,0,6,0,vscode,1.108.1,
2026-01-01,2026-01-28,2026-01-22,11374,10216889,erwin_kidman,2,1,0,1,1,2,0,0,0,vscode,1.108.0,
2026-01-01,2026-01-28,2026-01-22,11374,10155561,evan_lamar,2,31,10,1,1,29,0,17,2,vscode,1.108.1,
2026-01-01,2026-01-28,2026-01-22,11374,10228419,federico_sane,4,52,3,1,1,62,0,581,128,vscode,1.108.1,
2026-01-01,2026-01-28,2026-01-22,11374,10229848,franky_abarai,4,0,0,1,1,0,0,0,0,vscode,1.108.1,
2026-01-01,2026-01-28,2026-01-22,11374,10057580,gavi_altman,9,112,52,1,1,134,0,100,10,vscode,1.108.1,
2026-01-01,2026-01-28,2026-01-22,11374,10133762,gavi_perez,38,60,0,0,1,1560,0,0,0,vscode,1.108.0,
2026-01-01,2026-01-28,2026-01-22,11374,10119350,geralt_negreanu,2,8,0,1,1,2,0,74,93,vscode,1.109.0-insider,
2026-01-01,2026-01-28,2026-01-22,11374,10040219,getter_braun,15,12,2,1,1,40,0,2,0,vscode,1.108.1,
2026-01-01,2026-01-28,2026-01-22,11374,10075606,giannis_ocelot,15,46,6,1,1,382,0,717,148,vscode,1.109.0-insider,
2026-01-01,2026-01-28,2026-01-22,11374,10089635,goku_houston,9,12,0,1,1,61,0,498,0,vscode,1.109.0-insider,
2026-01-01,2026-01-28,2026-01-22,11374,10045757,grimmjow_russell,8,13,0,1,1,0,0,43,216,vscode,1.108.1,
2026-01-01,2026-01-28,2026-01-22,11374,10008939,hakeem_cyrus,2,0,0,1,1,0,0,0,0,visualstudio,17.14.23,
2026-01-01,2026-01-28,2026-01-22,11374,10100171,hakeem_ghost,36,114,0,1,1,226,0,4836,1334,vscode,1.108.1,
2026-01-01,2026-01-28,2026-01-22,11374,10159680,hakeem_rexha,9,42,15,1,1,42,0,19,0,vscode,1.108.1,
2026-01-01,2026-01-28,2026-01-22,11374,10098892,harry_rice,27,78,10,1,1,374,0,996,257,vscode,1.108.1,
2026-01-01,2026-01-28,2026-01-22,11374,10014477,isiah_taa,49,62,2,1,1,455,0,352,1,vscode,1.108.1,
2026-01-01,2026-01-28,2026-01-22,11374,10043821,jimmy_galfond,23,32,4,1,1,147,0,39,30,vscode,1.108.1,
2026-01-01,2026-01-28,2026-01-22,11374,10140105,johan_irving,2,7,3,0,1,91,0,85,0,visualstudio,17.14.23,
2026-01-01,2026-01-28,2026-01-22,11374,10086682,johan_south,0,28,6,0,0,140,0,16,0,visualstudio,17.14.23,
2026-01-01,2026-01-28,2026-01-22,11374,10129950,johnny_cyrus,0,49,5,0,0,57,0,5,0,vscode,1.108.1,
2026-01-01,2026-01-28,2026-01-22,11374,10049558,jude_bezos,13,18,0,1,1,7781,0,239,27,vscode,1.108.0,
2026-01-01,2026-01-28,2026-01-22,11374,10050685,julius_kuchiki,1,2,0,1,1,0,0,8,16,vscode,1.108.1,
2026-01-01,2026-01-28,2026-01-22,11374,10264363,kakashi_weeknd,3,24,0,1,1,66,0,13,0,vscode,1.108.0,
2026-01-01,2026-01-28,2026-01-22,11374,10030566,katy_leonhart,3,12,7,1,1,81,0,93,12,visualstudio,17.14.23,
2026-01-01,2026-01-28,2026-01-22,11374,10024695,kendrick_sun,28,57,0,1,1,17,0,8565,2048,vscode,1.108.1,
2026-01-01,2026-01-28,2026-01-22,11374,10190934,kirby_steel,0,0,1,1,1,0,0,0,0,vscode,1.108.0,
2026-01-01,2026-01-28,2026-01-22,11374,10015051,kratos_messi,0,1,0,0,0,1,0,0,0,vscode,1.108.0,
2026-01-01,2026-01-28,2026-01-22,11374,10013072,lady_valentine,10,25,0,1,1,18,0,390,21,vscode,1.108.1,
2026-01-01,2026-01-28,2026-01-22,11374,10090196,lando_booker,17,14,0,1,1,25,0,5,1,vscode,1.108.1,
2026-01-01,2026-01-28,2026-01-22,11374,10163083,leon_jaeger,47,57,4,1,1,505,0,40,0,vscode,1.108.1,
2026-01-01,2026-01-28,2026-01-22,11374,10148379,lizzo_lamar,4,8,0,1,1,28,0,47,8,vscode,1.108.1,
2026-01-01,2026-01-28,2026-01-22,11374,10164172,logan_weeknd,20,32,3,1,1,399,0,930,5,vscode,1.108.1,
2026-01-01,2026-01-28,2026-01-22,11374,10209949,luffy_jobs,11,5,0,1,1,10,0,0,0,vscode,1.108.2,
2026-01-01,2026-01-28,2026-01-22,11374,10175303,luigi_henry,6,22,10,0,1,386,0,18,0,vscode,1.108.1,
2026-01-01,2026-01-28,2026-01-22,11374,10083335,margot_haaland,14,9,4,1,1,200,0,150,1,visualstudio,17.14.23,
2026-01-01,2026-01-28,2026-01-22,11374,10220375,mario_styles,1,1,0,1,1,0,0,494,455,vscode,1.108.1,
2026-01-01,2026-01-28,2026-01-22,11374,10103076,mason_ibrahimovic,15,12,0,1,1,2,0,639,328,vscode,1.108.1,
2026-01-01,2026-01-28,2026-01-22,11374,10092158,matt_star,0,44,16,0,0,112,0,60,0,vscode,1.108.0,
2026-01-01,2026-01-28,2026-01-22,11374,10242715,matt_uzumaki,17,48,0,1,1,545,0,2526,257,visualstudio,17.14.23,
2026-01-01,2026-01-28,2026-01-22,11374,10023767,mikasa_goblin,11,97,34,1,1,130,0,79,9,vscode,1.108.1,
2026-01-01,2026-01-28,2026-01-22,11374,10006878,morgan_kennedy,27,103,13,1,1,761,0,44,0,vscode,1.108.1,
2026-01-01,2026-01-28,2026-01-22,11374,10138546,niki_widow,0,6,2,0,0,21,0,2,0,visualstudio,17.14.23,
2026-01-01,2026-01-28,2026-01-22,11374,10256787,orion_yamanaka,9,0,0,1,1,0,0,0,0,vscode,1.108.1,
2026-01-01,2026-01-28,2026-01-22,11374,10131547,panther_holz,11,119,9,1,1,175,0,2349,62,vscode,1.108.1,
2026-01-01,2026-01-28,2026-01-22,11374,10073228,panther_verstappen,20,23,1,1,1,12,0,2136,292,vscode,1.108.1,
2026-01-01,2026-01-28,2026-01-22,11374,10183296,paul_booker,42,87,1,1,1,686,0,3697,62,vscode,1.108.0,
2026-01-01,2026-01-28,2026-01-22,11374,10005215,pedri_chief,5,3,0,1,1,4,0,4,5,vscode,1.108.1,
2026-01-01,2026-01-28,2026-01-22,11374,10110220,pieck_namikaze,3,10,0,1,1,17,0,22,16,visualstudio,18.2.0,
2026-01-01,2026-01-28,2026-01-22,11374,10129262,pikachu_curry,10,32,0,0,1,196,0,0,0,visualstudio,17.14.23,
2026-01-01,2026-01-28,2026-01-22,11374,10142303,reese_depp,0,8,0,0,0,8,0,0,0,vscode,1.108.1,
2026-01-01,2026-01-28,2026-01-22,11374,10000787,renji_lipa,25,33,0,1,1,436,0,13,13,vscode,1.108.0,
2026-01-01,2026-01-28,2026-01-22,11374,10038955,renji_sasha,10,64,0,1,1,213,0,13098,40,vscode,1.108.1,
2026-01-01,2026-01-28,2026-01-22,11374,10080395,rezz_beckham,15,29,0,1,1,243,0,582,3,vscode,1.108.1,
2026-01-01,2026-01-28,2026-01-22,11374,10063827,riley_sancho,15,25,0,1,1,162,0,0,0,vscode,1.108.1,
2026-01-01,2026-01-28,2026-01-22,11374,10186064,river_forest,1,1,0,0,1,267,0,0,0,visualstudio,17.14.23,
2026-01-01,2026-01-28,2026-01-22,11374,10028089,robert_gold,104,131,0,1,1,7,0,2599,506,vscode,1.109.0-insider,
2026-01-01,2026-01-28,2026-01-22,11374,10115632,ronaldinho_arrow,0,11,1,0,0,12,0,2,0,vscode,1.108.1,
2026-01-01,2026-01-28,2026-01-22,11374,10254432,russell_nara,4,1,0,1,1,0,0,20,4,vscode,1.105.1,
2026-01-01,2026-01-28,2026-01-22,11374,10017510,ryu_moore,5,0,0,1,1,0,0,0,0,vscode,1.108.1,
2026-01-01,2026-01-28,2026-01-22,11374,10070690,safra_king,27,91,10,1,1,181,0,5384,167,vscode,1.109.0-insider,
2026-01-01,2026-01-28,2026-01-22,11374,10032139,safra_leonhart,19,45,8,1,1,575,0,119,0,vscode,1.108.1,
2026-01-01,2026-01-28,2026-01-22,11374,10105853,sandra_mane,0,2,0,0,0,2,0,0,0,vscode,1.108.1,
2026-01-01,2026-01-28,2026-01-22,11374,10251253,sandra_portman,17,11,0,1,1,21,0,117,0,vscode,1.108.0,
2026-01-01,2026-01-28,2026-01-22,11374,10087626,sasuke_henry,0,9,1,0,0,9,0,1,0,vscode,1.108.1,
2026-01-01,2026-01-28,2026-01-22,11374,10108988,scarlett_diamond,8,0,0,1,1,0,0,0,0,visualstudio,17.14.25,
2026-01-01,2026-01-28,2026-01-22,11374,10201474,selena_hanks,0,12,2,0,0,14,0,2,0,visualstudio,17.14.23,
2026-01-01,2026-01-28,2026-01-22,11374,10261128,sephiroth_altman,13,30,0,1,1,0,0,726,380,vscode,1.108.1,
2026-01-01,2026-01-28,2026-01-22,11374,10116365,shakira_braun,28,16,0,1,1,2,0,10675,38,vscode,1.108.1,
2026-01-01,2026-01-28,2026-01-22,11374,10085186,stewart_ricciardo,36,72,2,1,1,323,0,368,217,visualstudio,17.14.23,
2026-01-01,2026-01-28,2026-01-22,11374,10154999,storm_bonomo,48,74,28,1,1,625,0,768,117,vscode,1.108.1,
2026-01-01,2026-01-28,2026-01-22,11374,10135203,storm_lillard,48,36,0,1,1,209,0,2885,2,vscode,1.108.1,
2026-01-01,2026-01-28,2026-01-22,11374,10044523,storm_westbrook,5,2,0,1,1,4,0,0,0,vscode,1.108.1,
2026-01-01,2026-01-28,2026-01-22,11374,10036476,travis_mount,16,37,0,1,1,97,0,449,102,vscode,1.108.0,
2026-01-01,2026-01-28,2026-01-22,11374,10226161,vergil_young,15,18,0,1,1,59,0,165,100,vscode,1.108.1,
2026-01-01,2026-01-28,2026-01-22,11374,10092587,weeknd_altman,1,13,2,0,1,23,0,4,0,vscode,1.106.3,
2026-01-01,2026-01-28,2026-01-22,11374,10117976,wonder_mitchell,6,5,0,1,1,0,0,114,8,vscode,1.108.1,
2026-01-01,2026-01-28,2026-01-22,11374,10031568,wonder_young,3,5,0,1,1,5,0,0,1,vscode,1.108.1,
2026-01-01,2026-01-28,2026-01-21,11374,10048380,ace_east,4,3,0,0,1,19,0,0,0,visualstudio,17.14.23,
2026-01-01,2026-01-28,2026-01-21,11374,10232569,ace_lawrence,24,16,0,1,1,0,0,224,36,vscode,1.109.0-insider,
2026-01-01,2026-01-28,2026-01-21,11374,10070028,akuma_antetokounmpo,8,10,0,1,1,30,0,36,69,visualstudio,18.3.0-insiders,
2026-01-01,2026-01-28,2026-01-21,11374,10191410,akuma_musiala,47,160,14,1,1,662,0,5830,67,vscode,1.106.3,
2026-01-01,2026-01-28,2026-01-21,11374,10123630,andy_america,0,16,4,0,0,21,0,4,0,vscode,1.108.1,
2026-01-01,2026-01-28,2026-01-21,11374,10172372,andy_kroos,3,2,0,1,1,7,0,0,0,vscode,1.108.1,
2026-01-01,2026-01-28,2026-01-21,11374,10121359,aqua_messi,5,2,0,1,1,6,0,71,0,vscode,1.107.1,
2026-01-01,2026-01-28,2026-01-21,11374,10206734,armin_perry,24,82,0,1,1,296,0,112,125,vscode,1.108.0,
2026-01-01,2026-01-28,2026-01-21,11374,10101952,aspen_cunningham,0,2,1,0,0,2,0,1,0,visualstudio,17.14.23,
2026-01-01,2026-01-28,2026-01-21,11374,10028868,atlas_man,5,11,0,1,1,15,0,494,105,vscode,1.108.1,
2026-01-01,2026-01-28,2026-01-21,11374,10211474,beyonce_grande,3,2,0,0,1,0,0,11,11,vscode,1.108.0,
2026-01-01,2026-01-28,2026-01-21,11374,10019942,big_harris,7,33,0,1,1,289,0,865,0,vscode,1.109.0-insider,
2026-01-01,2026-01-28,2026-01-21,11374,10106366,blake_henry,0,26,13,0,0,27,0,16,0,vscode,1.108.1,
2026-01-01,2026-01-28,2026-01-21,11374,10244800,bruno_downey,1,1,1,1,1,3,0,3,0,vscode,1.108.1,
2026-01-01,2026-01-28,2026-01-21,11374,10179595,bruno_mbappe,1,0,0,1,1,0,0,0,0,vscode,1.108.1,
2026-01-01,2026-01-28,2026-01-21,11374,10145682,cade_esfandiari,9,8,0,1,1,58,0,0,0,vscode,1.109.0-insider,
2026-01-01,2026-01-28,2026-01-21,11374,10147452,carlos_hastings,4,4,0,0,1,21,0,0,0,vscode,1.108.0-insider,
2026-01-01,2026-01-28,2026-01-21,11374,10021529,cate_panther,4,6,0,1,1,235,0,431,1,vscode,1.108.1,
2026-01-01,2026-01-28,2026-01-21,11374,10166816,cell_doom,3,3,1,0,1,13,0,11,0,visualstudio,17.14.23,
2026-01-01,2026-01-28,2026-01-21,11374,10074164,charlize_strife,3,6,1,1,1,14,0,21,0,vscode,1.107.1,
2026-01-01,2026-01-28,2026-01-21,11374,10222270,chun_south,29,134,8,1,1,3425,0,24,0,vscode,1.108.0,
2026-01-01,2026-01-28,2026-01-21,11374,10169299,chun_styles,17,66,6,1,1,180,0,1689,22,vscode,1.108.1,
2026-01-01,2026-01-28,2026-01-21,11374,10107694,dakota_hill,0,59,24,0,0,71,0,36,0,vscode,1.108.1,
2026-01-01,2026-01-28,2026-01-21,11374,10136181,damian_arlert,25,36,2,1,1,112,0,659,543,vscode,1.108.1,
2026-01-01,2026-01-28,2026-01-21,11374,10240956,dante_ghost,2,2,0,0,1,4,0,0,0,visualstudio,17.14.23,
2026-01-01,2026-01-28,2026-01-21,11374,10096555,deadpool_harden,20,43,2,1,1,470,0,32,7,vscode,1.108.0,
2026-01-01,2026-01-28,2026-01-21,11374,10077416,denzel_diamond,7,8,0,1,1,2,0,220,40,vscode,1.108.0,
2026-01-01,2026-01-28,2026-01-21,11374,10137001,denzel_portman,6,4,0,1,1,0,0,48,65,vscode,1.108.0,
2026-01-01,2026-01-28,2026-01-21,11374,10097744,doja_smith,34,107,6,1,1,556,0,51,2,vscode,1.108.0,
2026-01-01,2026-01-28,2026-01-21,11374,10061367,erling_island,58,84,11,1,1,2109,0,1413,206,visualstudio,17.14.23,
2026-01-01,2026-01-28,2026-01-21,11374,10112468,erling_jaeger,18,43,3,1,1,253,0,68,23,visualstudio,17.14.23,
2026-01-01,2026-01-28,2026-01-21,11374,10155561,evan_lamar,11,114,38,1,1,115,0,105,29,vscode,1.108.1,
2026-01-01,2026-01-28,2026-01-21,11374,10082157,excision_north,30,109,0,1,1,25,0,12180,299,vscode,1.109.0-insider,
2026-01-01,2026-01-28,2026-01-21,11374,10228419,federico_sane,29,198,36,1,1,276,0,663,173,vscode,1.108.1,
2026-01-01,2026-01-28,2026-01-21,11374,10234965,florence_roronoa,3,2,0,1,1,2,0,0,0,vscode,1.108.0,
2026-01-01,2026-01-28,2026-01-21,11374,10057580,gavi_altman,2,69,29,1,1,93,0,59,2,vscode,1.108.1,
2026-01-01,2026-01-28,2026-01-21,11374,10040219,getter_braun,47,50,0,1,1,231,0,318,273,vscode,1.108.1,
2026-01-01,2026-01-28,2026-01-21,11374,10089635,goku_houston,45,41,5,1,1,102,0,1443,0,vscode,1.109.0-insider,
2026-01-01,2026-01-28,2026-01-21,11374,10045757,grimmjow_russell,4,8,0,1,1,10,0,106,74,vscode,1.108.1,
2026-01-01,2026-01-28,2026-01-21,11374,10008939,hakeem_cyrus,15,9,0,1,1,28,0,33,2,visualstudio,17.14.23,
2026-01-01,2026-01-28,2026-01-21,11374,10214249,hakeem_gates,2,0,0,1,1,0,0,0,0,vscode,1.109.0-insider,
2026-01-01,2026-01-28,2026-01-21,11374,10100171,hakeem_ghost,44,86,1,1,1,302,0,2045,69,vscode,1.108.1,
2026-01-01,2026-01-28,2026-01-21,11374,10159680,hakeem_rexha,21,35,1,1,1,24,0,474,111,vscode,1.108.1,
2026-01-01,2026-01-28,2026-01-21,11374,10275534,hakeem_young,5,3,0,1,1,9,0,89,11,vscode,1.108.0,
2026-01-01,2026-01-28,2026-01-21,11374,10098892,harry_rice,36,121,48,1,1,111,0,639,170,vscode,1.108.1,
2026-01-01,2026-01-28,2026-01-21,11374,10003742,hayden_debruyne,15,37,1,1,1,199,0,2,0,vscode,1.108.1,
2026-01-01,2026-01-28,2026-01-21,11374,10285763,hayden_musiala,2,4,0,1,1,0,0,561,0,vscode,1.108.1,
2026-01-01,2026-01-28,2026-01-21,11374,10014477,isiah_taa,2,1,0,0,1,45,0,0,0,vscode,1.108.1,
2026-01-01,2026-01-28,2026-01-21,11374,10244062,jennifer_cross,1,0,0,1,1,0,0,0,0,vscode,1.108.0,
2026-01-01,2026-01-28,2026-01-21,11374,10140105,johan_irving,0,36,25,0,0,39,0,25,0,visualstudio,17.14.23,
2026-01-01,2026-01-28,2026-01-21,11374,10129950,johnny_cyrus,0,46,8,0,0,53,0,9,0,vscode,1.108.1,
2026-01-01,2026-01-28,2026-01-21,11374,10049558,jude_bezos,34,69,1,1,1,7944,0,1960,1086,visualstudio,17.14.23,
2026-01-01,2026-01-28,2026-01-21,11374,10050685,julius_kuchiki,15,26,0,1,1,51,0,436,64,vscode,1.108.1,
2026-01-01,2026-01-28,2026-01-21,11374,10056435,kai_lawrence,3,11,0,1,1,34,0,396,0,vscode,1.109.0-insider,
2026-01-01,2026-01-28,2026-01-21,11374,10202398,kai_verstappen,6,7,0,1,1,63,0,95,0,vscode,1.108.1,
2026-01-01,2026-01-28,2026-01-21,11374,10030566,katy_leonhart,56,28,0,1,1,76,0,461,204,vscode,1.108.1,
2026-01-01,2026-01-28,2026-01-21,11374,10024695,kendrick_sun,39,29,0,1,1,347,0,2924,300,vscode,1.108.1,
2026-01-01,2026-01-28,2026-01-21,11374,10015051,kratos_messi,8,20,0,1,1,7,0,446,65,vscode,1.108.0,
2026-01-01,2026-01-28,2026-01-21,11374,10013072,lady_valentine,14,24,8,1,1,133,0,134,3,vscode,1.108.1,
2026-01-01,2026-01-28,2026-01-21,11374,10163083,leon_jaeger,79,99,0,1,1,1190,0,2092,46,vscode,1.108.1,
2026-01-01,2026-01-28,2026-01-21,11374,10148379,lizzo_lamar,16,30,5,1,1,47,0,60,50,vscode,1.108.1,
2026-01-01,2026-01-28,2026-01-21,11374,10164172,logan_weeknd,22,31,3,1,1,64,0,1411,2,vscode,1.108.1,
2026-01-01,2026-01-28,2026-01-21,11374,10158813,luffy_nadella,12,10,0,1,1,39,0,214,4,vscode,1.108.1,
2026-01-01,2026-01-28,2026-01-21,11374,10175303,luigi_henry,0,2,1,0,0,2,0,1,0,vscode,1.108.0,
2026-01-01,2026-01-28,2026-01-21,11374,10083335,margot_haaland,8,4,2,0,1,113,0,73,0,visualstudio,17.14.23,
2026-01-01,2026-01-28,2026-01-21,11374,10132344,mario_beckham,4,0,0,0,1,0,0,0,0,vscode,1.108.1,
2026-01-01,2026-01-28,2026-01-21,11374,10220375,mario_styles,1,1,0,1,1,0,0,514,0,vscode,1.108.1,
2026-01-01,2026-01-28,2026-01-21,11374,10276495,mark_ace,0,6,0,0,0,10,0,0,0,vscode,1.107.0-insider,
2026-01-01,2026-01-28,2026-01-21,11374,10103076,mason_ibrahimovic,23,20,2,1,1,184,0,776,796,vscode,1.107.1,
2026-01-01,2026-01-28,2026-01-21,11374,10092158,matt_star,14,27,0,1,1,9,0,129,98,vscode,1.108.0,
2026-01-01,2026-01-28,2026-01-21,11374,10023767,mikasa_goblin,222,176,13,1,1,353,0,1493,945,vscode,1.108.1,
2026-01-01,2026-01-28,2026-01-21,11374,10006878,morgan_kennedy,16,40,3,1,1,674,0,66,0,vscode,1.108.1,
2026-01-01,2026-01-28,2026-01-21,11374,10292675,naruto_verstappen,0,2,0,0,0,2,0,0,0,vscode,1.108.1,
2026-01-01,2026-01-28,2026-01-21,11374,10019447,niki_leonard,39,51,2,1,1,0,0,567,142,visualstudio,17.14.23,
2026-01-01,2026-01-28,2026-01-21,11374,10138546,niki_widow,0,1,0,0,0,1,0,0,0,visualstudio,17.14.23,
2026-01-01,2026-01-28,2026-01-21,11374,10131547,panther_holz,5,25,1,1,1,58,0,112,0,vscode,1.108.1,
2026-01-01,2026-01-28,2026-01-21,11374,10161974,panther_scott,2,0,0,1,1,0,0,0,0,vscode,1.108.1,
2026-01-01,2026-01-28,2026-01-21,11374,10073228,panther_verstappen,27,47,2,1,1,33,0,5508,175,vscode,1.108.1,
2026-01-01,2026-01-28,2026-01-21,11374,10005215,pedri_chief,16,38,4,1,1,65,0,353,115,vscode,1.108.1,
2026-01-01,2026-01-28,2026-01-21,11374,10110220,pieck_namikaze,30,54,1,1,1,116,0,659,244,visualstudio,18.2.0,
2026-01-01,2026-01-28,2026-01-21,11374,10000787,renji_lipa,6,17,0,1,1,487,0,170,9,visualstudio,17.14.23,
2026-01-01,2026-01-28,2026-01-21,11374,10038955,renji_sasha,4,27,0,1,1,54,0,1743,0,vscode,1.108.1,
2026-01-01,2026-01-28,2026-01-21,11374,10080395,rezz_beckham,2,4,0,1,1,0,0,339,0,vscode,1.108.1,
2026-01-01,2026-01-28,2026-01-21,11374,10063827,riley_sancho,10,0,0,1,1,0,0,0,0,vscode,1.108.1,
2026-01-01,2026-01-28,2026-01-21,11374,10186064,river_forest,2,0,0,0,1,0,0,0,0,visualstudio,17.14.23,
2026-01-01,2026-01-28,2026-01-21,11374,10028089,robert_gold,122,222,0,1,1,20,0,5949,736,vscode,1.109.0-insider,
2026-01-01,2026-01-28,2026-01-21,11374,10017510,ryu_moore,26,60,0,1,1,416,0,576,6,vscode,1.108.1,
2026-01-01,2026-01-28,2026-01-21,11374,10167892,ryu_shadow,12,31,12,1,1,1221,0,168,13,visualstudio,17.14.23,
2026-01-01,2026-01-28,2026-01-21,11374,10070690,safra_king,53,151,7,1,1,1049,0,5085,232,vscode,1.108.1,
2026-01-01,2026-01-28,2026-01-21,11374,10274818,sam_mason,21,61,0,1,1,661,0,5361,119,vscode,1.108.1,
2026-01-01,2026-01-28,2026-01-21,11374,10105853,sandra_mane,2,113,48,1,1,199,0,78,3,vscode,1.108.1,
2026-01-01,2026-01-28,2026-01-21,11374,10087626,sasuke_henry,9,27,0,1,1,9,0,1328,1154,vscode,1.108.1,
2026-01-01,2026-01-28,2026-01-21,11374,10253001,satya_theron,14,66,0,1,1,541,0,3416,160,vscode,1.109.0-insider,
2026-01-01,2026-01-28,2026-01-21,11374,10108988,scarlett_diamond,14,59,1,1,1,4,0,1769,516,visualstudio,18.2.1,
2026-01-01,2026-01-28,2026-01-21,11374,10120175,sebastian_woman,22,20,2,1,1,9,0,3359,3,vscode,1.108.1,
2026-01-01,2026-01-28,2026-01-21,11374,10201474,selena_hanks,0,17,0,0,0,17,0,0,0,vscode,1.108.1,
2026-01-01,2026-01-28,2026-01-21,11374,10116365,shakira_braun,0,2,1,0,0,2,0,1,0,vscode,1.108.1,
2026-01-01,2026-01-28,2026-01-21,11374,10010217,shaquille_washington,1,3,0,1,1,3,0,0,0,vscode,1.108.1,
2026-01-01,2026-01-28,2026-01-21,11374,10016540,shazam_hunter,2,1,0,1,1,2,0,0,0,vscode,1.109.0-insider,
2026-01-01,2026-01-28,2026-01-21,11374,10085186,stewart_ricciardo,20,63,1,1,1,1151,0,1391,30,visualstudio,17.14.23,
2026-01-01,2026-01-28,2026-01-21,11374,10154999,storm_bonomo,29,72,32,1,1,1238,0,142,216,vscode,1.108.1,
2026-01-01,2026-01-28,2026-01-21,11374,10036476,travis_mount,16,41,1,1,1,36,0,791,431,vscode,1.108.0,
2026-01-01,2026-01-28,2026-01-21,11374,10092587,weeknd_altman,3,90,26,1,1,104,0,44,2,vscode,1.106.3,
2026-01-01,2026-01-28,2026-01-21,11374,10068696,wolverine_abarai,2,4,0,0,1,48,0,0,0,visualstudio,17.14.23,
2026-01-01,2026-01-28,2026-01-21,11374,10007827,wolverine_vinsmoke,10,1,0,1,1,15,0,0,0,vscode,1.109.0-insider,
2026-01-01,2026-01-28,2026-01-21,11374,10117976,wonder_mitchell,19,68,22,1,1,47,0,968,274,vscode,1.108.1,
2026-01-01,2026-01-28,2026-01-21,11374,10031568,wonder_young,62,216,1,1,1,427,0,10411,770,vscode,1.108.1,
2026-01-01,2026-01-28,2026-01-21,11374,10065774,yuki_archer,7,12,0,0,1,30,0,0,0,vscode,1.106.3,
2026-01-01,2026-01-28,2026-01-20,11374,10048380,ace_east,51,106,2,0,1,1106,0,47,0,visualstudio,17.14.23,
2026-01-01,2026-01-28,2026-01-20,11374,10070028,akuma_antetokounmpo,3,18,7,1,1,18,0,39,16,visualstudio,18.3.0-insiders,
2026-01-01,2026-01-28,2026-01-20,11374,10191410,akuma_musiala,12,25,3,1,1,35,0,2673,0,vscode,1.106.3,
2026-01-01,2026-01-28,2026-01-20,11374,10123630,andy_america,0,23,10,0,0,40,0,12,0,vscode,1.108.0,
2026-01-01,2026-01-28,2026-01-20,11374,10272148,anne_kenney,1,0,0,1,1,0,0,0,0,vscode,1.108.1,
2026-01-01,2026-01-28,2026-01-20,11374,10101952,aspen_cunningham,0,21,9,0,0,103,0,38,0,visualstudio,17.14.23,
2026-01-01,2026-01-28,2026-01-20,11374,10028868,atlas_man,0,1,0,0,0,1,0,0,0,vscode,1.108.1,
2026-01-01,2026-01-28,2026-01-20,11374,10019942,big_harris,3,0,0,1,1,0,0,0,0,vscode,1.109.0-insider,
2026-01-01,2026-01-28,2026-01-20,11374,10106366,blake_henry,15,151,58,1,1,232,0,401,20,vscode,1.107.1,
2026-01-01,2026-01-28,2026-01-20,11374,10244800,bruno_downey,12,0,0,1,1,0,0,0,0,vscode,1.109.0-insider,
2026-01-01,2026-01-28,2026-01-20,11374,10179595,bruno_mbappe,7,6,1,1,1,8,0,23,14,vscode,1.106.3,
2026-01-01,2026-01-28,2026-01-20,11374,10021529,cate_panther,3,5,2,1,1,5,0,3,0,vscode,1.108.1,
2026-01-01,2026-01-28,2026-01-20,11374,10166816,cell_doom,4,9,1,0,1,23,0,1,0,visualstudio,17.14.23,
2026-01-01,2026-01-28,2026-01-20,11374,10074164,charlize_strife,24,70,6,1,1,1407,0,604,47,visualstudio,17.14.23,
2026-01-01,2026-01-28,2026-01-20,11374,10169299,chun_styles,3,8,1,1,1,12,0,158,66,vscode,1.108.1,
2026-01-01,2026-01-28,2026-01-20,11374,10107694,dakota_hill,0,8,4,0,0,8,0,5,0,vscode,1.108.0,
2026-01-01,2026-01-28,2026-01-20,11374,10136181,damian_arlert,10,7,0,1,1,142,0,366,110,vscode,1.108.1,
2026-01-01,2026-01-28,2026-01-20,11374,10096555,deadpool_harden,25,59,1,1,1,346,0,308,33,visualstudio,18.2.0,
2026-01-01,2026-01-28,2026-01-20,11374,10077416,denzel_diamond,17,51,6,1,1,67,0,2199,188,vscode,1.108.0,
2026-01-01,2026-01-28,2026-01-20,11374,10137001,denzel_portman,17,27,0,1,1,46,0,449,184,vscode,1.108.0,
2026-01-01,2026-01-28,2026-01-20,11374,10097744,doja_smith,1,0,0,0,1,0,0,0,0,vscode,1.108.0,
2026-01-01,2026-01-28,2026-01-20,11374,10077927,echo_sandberg,2,1,1,1,1,1,0,1,0,vscode,1.108.1,
2026-01-01,2026-01-28,2026-01-20,11374,10122773,elon_nico,15,0,0,1,1,0,0,0,0,vscode,1.108.1,
2026-01-01,2026-01-28,2026-01-20,11374,10061367,erling_island,22,42,5,1,1,344,0,324,108,visualstudio,17.14.23,
2026-01-01,2026-01-28,2026-01-20,11374,10112468,erling_jaeger,6,16,0,1,1,50,0,101,95,visualstudio,17.14.23,
2026-01-01,2026-01-28,2026-01-20,11374,10103786,erling_neon,24,87,30,1,1,309,0,415,10,vscode,1.106.0,
2026-01-01,2026-01-28,2026-01-20,11374,10155561,evan_lamar,12,60,16,1,1,76,0,377,93,vscode,1.108.1,
2026-01-01,2026-01-28,2026-01-20,11374,10124790,evan_westbrook,0,1,0,1,1,0,0,1,1,vscode,1.108.1,
2026-01-01,2026-01-28,2026-01-20,11374,10228419,federico_sane,0,2,0,0,0,2,0,0,0,vscode,1.108.1,
2026-01-01,2026-01-28,2026-01-20,11374,10225141,finley_trafalgar,11,10,0,1,1,77,0,62,11,vscode,1.108.1,
2026-01-01,2026-01-28,2026-01-20,11374,10057580,gavi_altman,3,11,1,1,1,10,0,4,3,vscode,1.108.1,
2026-01-01,2026-01-28,2026-01-20,11374,10133762,gavi_perez,64,88,0,1,1,3307,0,0,0,vscode,1.108.0,
2026-01-01,2026-01-28,2026-01-20,11374,10040219,getter_braun,7,12,2,1,1,97,0,6,0,vscode,1.105.1,
2026-01-01,2026-01-28,2026-01-20,11374,10075606,giannis_ocelot,13,60,0,1,1,0,0,1464,701,visualstudio,18.2.0,
2026-01-01,2026-01-28,2026-01-20,11374,10290875,ginni_seidel,9,6,0,1,1,109,0,0,0,vscode,1.108.1,
2026-01-01,2026-01-28,2026-01-20,11374,10089635,goku_houston,33,59,0,1,1,332,0,2921,399,vscode,1.109.0-insider,
2026-01-01,2026-01-28,2026-01-20,11374,10045757,grimmjow_russell,67,126,0,1,1,299,0,1703,636,vscode,1.108.1,
2026-01-01,2026-01-28,2026-01-20,11374,10008939,hakeem_cyrus,14,7,0,0,1,37,0,0,0,visualstudio,17.14.23,
2026-01-01,2026-01-28,2026-01-20,11374,10214249,hakeem_gates,13,12,1,1,1,47,0,1151,0,vscode,1.109.0-insider,
2026-01-01,2026-01-28,2026-01-20,11374,10100171,hakeem_ghost,21,63,0,1,1,234,0,5373,171,vscode,1.108.1,
2026-01-01,2026-01-28,2026-01-20,11374,10275534,hakeem_young,7,2,0,1,1,8,0,130,0,vscode,1.108.0,
2026-01-01,2026-01-28,2026-01-20,11374,10098892,harry_rice,12,69,20,1,1,124,0,302,99,vscode,1.108.1,
2026-01-01,2026-01-28,2026-01-20,11374,10003742,hayden_debruyne,9,6,0,1,1,24,0,604,4,vscode,1.108.1,
2026-01-01,2026-01-28,2026-01-20,11374,10084301,isiah_force,4,3,0,1,1,4,0,0,0,vscode,1.108.1,
2026-01-01,2026-01-28,2026-01-20,11374,10244062,jennifer_cross,7,20,5,1,1,332,0,320,1,vscode,1.108.0,
2026-01-01,2026-01-28,2026-01-20,11374,10043821,jimmy_galfond,31,63,6,1,1,120,0,45,16,vscode,1.108.1,
2026-01-01,2026-01-28,2026-01-20,11374,10267953,jiraiya_senju,0,28,1,0,0,28,0,1,0,vscode,1.107.1,
2026-01-01,2026-01-28,2026-01-20,11374,10140105,johan_irving,18,121,46,0,1,381,0,92,0,visualstudio,17.14.23,
2026-01-01,2026-01-28,2026-01-20,11374,10286642,johan_sheeran,4,12,0,1,1,104,0,84,0,vscode,1.108.1,
2026-01-01,2026-01-28,2026-01-20,11374,10129950,johnny_cyrus,0,311,83,0,0,355,0,99,0,vscode,1.108.1,
2026-01-01,2026-01-28,2026-01-20,11374,10049558,jude_bezos,62,81,3,1,1,9873,0,1035,90,visualstudio,17.14.23,
2026-01-01,2026-01-28,2026-01-20,11374,10050685,julius_kuchiki,29,61,0,1,1,388,0,269,81,vscode,1.108.1,
2026-01-01,2026-01-28,2026-01-20,11374,10052546,kai_ocean,2,1,0,1,1,1,0,0,0,vscode,1.108.1,
2026-01-01,2026-01-28,2026-01-20,11374,10030566,katy_leonhart,9,19,2,1,1,153,0,101,16,visualstudio,17.14.23,
2026-01-01,2026-01-28,2026-01-20,11374,10022773,ken_cyrus,4,8,0,1,1,11,0,394,5,vscode,1.108.1,
2026-01-01,2026-01-28,2026-01-20,11374,10024695,kendrick_sun,20,28,0,1,1,328,0,164,61,vscode,1.108.1,
2026-01-01,2026-01-28,2026-01-20,11374,10015051,kratos_messi,18,50,0,1,1,66,0,693,50,vscode,1.108.0,
2026-01-01,2026-01-28,2026-01-20,11374,10090196,lando_booker,12,9,0,1,1,35,0,15,29,vscode,1.107.1,
2026-01-01,2026-01-28,2026-01-20,11374,10163083,leon_jaeger,18,31,2,1,1,162,0,171,0,vscode,1.108.1,
2026-01-01,2026-01-28,2026-01-20,11374,10148379,lizzo_lamar,8,70,28,1,1,248,0,549,120,vscode,1.108.1,
2026-01-01,2026-01-28,2026-01-20,11374,10158813,luffy_nadella,40,31,0,1,1,8,0,325,261,vscode,1.108.1,
2026-01-01,2026-01-28,2026-01-20,11374,10025949,marcus_musk,2,1,0,1,1,2,0,0,9,vscode,1.109.0-insider,
2026-01-01,2026-01-28,2026-01-20,11374,10083335,margot_haaland,4,2,1,0,1,75,0,40,0,visualstudio,17.14.23,
2026-01-01,2026-01-28,2026-01-20,11374,10199058,martin_kuchiki,3,4,0,0,1,8,0,129,45,vscode,1.108.1,
2026-01-01,2026-01-28,2026-01-20,11374,10103076,mason_ibrahimovic,27,49,0,1,1,236,0,426,542,vscode,1.107.1,
2026-01-01,2026-01-28,2026-01-20,11374,10092158,matt_star,107,111,4,1,1,239,0,581,406,vscode,1.108.0,
2026-01-01,2026-01-28,2026-01-20,11374,10023767,mikasa_goblin,90,51,5,1,1,167,0,6814,3291,vscode,1.108.1,
2026-01-01,2026-01-28,2026-01-20,11374,10019447,niki_leonard,31,114,17,1,1,120,0,945,425,visualstudio,17.14.23,
2026-01-01,2026-01-28,2026-01-20,11374,10131547,panther_holz,0,2,1,0,0,2,0,1,0,vscode,1.108.0,
2026-01-01,2026-01-28,2026-01-20,11374,10073228,panther_verstappen,14,7,0,1,1,0,0,78,44,vscode,1.108.1,
2026-01-01,2026-01-28,2026-01-20,11374,10183296,paul_booker,2,1,0,1,1,2,0,0,0,vscode,1.108.0,
2026-01-01,2026-01-28,2026-01-20,11374,10005215,pedri_chief,12,67,8,1,1,122,0,346,126,vscode,1.108.0,
2026-01-01,2026-01-28,2026-01-20,11374,10110220,pieck_namikaze,9,15,1,1,1,43,0,497,105,visualstudio,18.2.0,
2026-01-01,2026-01-28,2026-01-20,11374,10129262,pikachu_curry,8,12,6,1,1,314,0,227,0,visualstudio,17.14.23,
2026-01-01,2026-01-28,2026-01-20,11374,10142303,reese_depp,0,15,0,0,0,15,0,0,0,vscode,1.108.0,
2026-01-01,2026-01-28,2026-01-20,11374,10038955,renji_sasha,48,152,0,1,1,397,0,10913,431,vscode,1.108.1,
2026-01-01,2026-01-28,2026-01-20,11374,10063827,riley_sancho,9,12,0,1,1,92,0,2,2,vscode,1.108.1,
2026-01-01,2026-01-28,2026-01-20,11374,10028089,robert_gold,144,336,8,1,1,2712,0,3194,1891,vscode,1.109.0-insider,
2026-01-01,2026-01-28,2026-01-20,11374,10258803,rubens_ibrahimovic,4,4,0,1,1,2,0,10,6,visualstudio,17.14.24,
2026-01-01,2026-01-28,2026-01-20,11374,10017510,ryu_moore,1,6,0,1,1,168,0,0,0,vscode,1.108.1,
2026-01-01,2026-01-28,2026-01-20,11374,10167892,ryu_shadow,0,1,1,0,0,10,0,10,0,visualstudio,17.14.23,
2026-01-01,2026-01-28,2026-01-20,11374,10070690,safra_king,30,118,14,1,1,1180,0,572,404,vscode,1.108.1,
2026-01-01,2026-01-28,2026-01-20,11374,10032139,safra_leonhart,14,11,0,1,1,78,0,44,19,vscode,1.108.0,
2026-01-01,2026-01-28,2026-01-20,11374,10105853,sandra_mane,1,14,8,1,1,13,0,27,11,vscode,1.108.1,
2026-01-01,2026-01-28,2026-01-20,11374,10251253,sandra_portman,31,24,0,1,1,40,0,598,10,vscode,1.108.0,
2026-01-01,2026-01-28,2026-01-20,11374,10087626,sasuke_henry,28,58,0,1,1,630,0,2954,1037,vscode,1.108.1,
2026-01-01,2026-01-28,2026-01-20,11374,10108988,scarlett_diamond,55,113,4,1,1,948,0,1263,269,visualstudio,17.14.24,
2026-01-01,2026-01-28,2026-01-20,11374,10120175,sebastian_woman,1,5,1,1,1,6,0,1,0,vscode,1.108.1,
2026-01-01,2026-01-28,2026-01-20,11374,10201474,selena_hanks,0,14,1,0,0,14,0,1,0,vscode,1.108.1,
2026-01-01,2026-01-28,2026-01-20,11374,10181028,sergio_king,17,42,0,1,1,21,0,2738,12,vscode,1.108.1,
2026-01-01,2026-01-28,2026-01-20,11374,10116365,shakira_braun,2,10,5,1,1,8,0,22,20,vscode,1.108.1,
2026-01-01,2026-01-28,2026-01-20,11374,10010217,shaquille_washington,1,1,0,1,1,5,0,0,0,vscode,1.108.1,
2026-01-01,2026-01-28,2026-01-20,11374,10085186,stewart_ricciardo,19,33,1,1,1,178,0,2356,12,visualstudio,17.14.23,
2026-01-01,2026-01-28,2026-01-20,11374,10149365,stewart_shepard,2,1,0,0,1,44,0,0,0,visualstudio,17.14.23,
2026-01-01,2026-01-28,2026-01-20,11374,10036476,travis_mount,7,70,11,1,1,72,0,332,24,vscode,1.108.0,
2026-01-01,2026-01-28,2026-01-20,11374,10143310,tyrese_sainz,74,130,0,1,1,219,0,1251,904,vscode,1.108.1,
2026-01-01,2026-01-28,2026-01-20,11374,10092587,weeknd_altman,0,6,1,0,0,6,0,1,0,vscode,1.106.3,
2026-01-01,2026-01-28,2026-01-20,11374,10068696,wolverine_abarai,2,5,1,0,1,134,0,49,0,visualstudio,17.14.23,
2026-01-01,2026-01-28,2026-01-20,11374,10007827,wolverine_vinsmoke,29,9,1,1,1,18,0,391,32,vscode,1.109.0-insider,
2026-01-01,2026-01-28,2026-01-20,11374,10117976,wonder_mitchell,12,23,4,1,1,21,0,37,19,vscode,1.108.0,
2026-01-01,2026-01-28,2026-01-20,11374,10031568,wonder_young,20,97,1,1,1,319,0,1959,130,vscode,1.108.1,
2026-01-01,2026-01-28,2026-01-20,11374,10065774,yuki_archer,3,14,2,0,1,49,0,12,0,vscode,1.106.3,
2026-01-01,2026-01-28,2026-01-19,11374,10048380,ace_east,2,5,0,1,1,60,0,0,0,vscode,1.107.0,
2026-01-01,2026-01-28,2026-01-19,11374,10232569,ace_lawrence,3,1,1,1,1,1,0,0,0,vscode,1.109.0-insider,
2026-01-01,2026-01-28,2026-01-19,11374,10070028,akuma_antetokounmpo,30,112,6,1,1,144,0,792,319,visualstudio,18.3.0-insiders,
2026-01-01,2026-01-28,2026-01-19,11374,10172372,andy_kroos,8,1,0,1,1,12,0,0,0,vscode,1.108.0,
2026-01-01,2026-01-28,2026-01-19,11374,10272148,anne_kenney,0,24,7,0,0,126,0,38,0,visualstudio,17.14.23,
2026-01-01,2026-01-28,2026-01-19,11374,10101952,aspen_cunningham,0,52,22,0,0,71,0,31,0,visualstudio,17.14.23,
2026-01-01,2026-01-28,2026-01-19,11374,10028868,atlas_man,26,35,0,1,1,4,0,640,380,vscode,1.108.1,
2026-01-01,2026-01-28,2026-01-19,11374,10177820,bat_kaido,22,34,15,1,1,2095,0,1243,801,visualstudio,17.14.23,
2026-01-01,2026-01-28,2026-01-19,11374,10179595,bruno_mbappe,10,10,1,1,1,48,0,163,34,vscode,1.106.3,
2026-01-01,2026-01-28,2026-01-19,11374,10021529,cate_panther,64,105,26,1,1,4147,0,1688,121,visualstudio,17.14.23,
2026-01-01,2026-01-28,2026-01-19,11374,10126058,cate_white,14,20,7,1,1,150,0,39,0,vscode,1.108.1,
2026-01-01,2026-01-28,2026-01-19,11374,10166816,cell_doom,10,6,0,0,1,142,0,0,0,visualstudio,17.14.23,
2026-01-01,2026-01-28,2026-01-19,11374,10074164,charlize_strife,22,35,9,1,1,1698,0,1040,1,visualstudio,17.14.23,
2026-01-01,2026-01-28,2026-01-19,11374,10204037,chris_donquixote,0,12,1,0,0,20,0,1,0,vscode,1.108.1,
2026-01-01,2026-01-28,2026-01-19,11374,10107694,dakota_hill,0,13,4,0,0,17,0,7,0,vscode,1.108.0,
2026-01-01,2026-01-28,2026-01-19,11374,10136181,damian_arlert,18,18,0,1,1,17,0,44,43,vscode,1.108.1,
2026-01-01,2026-01-28,2026-01-19,11374,10096555,deadpool_harden,9,12,0,1,1,50,0,98,105,vscode,1.108.0,
2026-01-01,2026-01-28,2026-01-19,11374,10077416,denzel_diamond,40,95,22,1,1,143,0,1533,312,vscode,1.108.0,
2026-01-01,2026-01-28,2026-01-19,11374,10122773,elon_nico,4,3,0,1,1,5,0,0,0,vscode,1.108.0,
2026-01-01,2026-01-28,2026-01-19,11374,10061367,erling_island,18,18,2,1,1,44,0,80,177,visualstudio,17.14.23,
2026-01-01,2026-01-28,2026-01-19,11374,10103786,erling_neon,9,25,0,1,1,271,0,0,0,vscode,1.106.0,
2026-01-01,2026-01-28,2026-01-19,11374,10155561,evan_lamar,5,77,12,1,1,345,0,309,354,vscode,1.105.1,
2026-01-01,2026-01-28,2026-01-19,11374,10124790,evan_westbrook,2,6,0,1,1,5,0,1,1,vscode,1.108.1,
2026-01-01,2026-01-28,2026-01-19,11374,10057580,gavi_altman,2,21,6,1,1,28,0,9,0,vscode,1.108.1,
2026-01-01,2026-01-28,2026-01-19,11374,10133762,gavi_perez,86,150,0,1,1,2600,0,162,282,vscode,1.108.0,
2026-01-01,2026-01-28,2026-01-19,11374,10040219,getter_braun,32,66,0,1,1,80,0,731,623,vscode,1.105.1,
2026-01-01,2026-01-28,2026-01-19,11374,10075606,giannis_ocelot,18,71,1,1,1,826,0,1111,435,visualstudio,18.2.0,
2026-01-01,2026-01-28,2026-01-19,11374,10072032,ginni_fox,40,101,0,1,1,92,0,3016,1117,vscode,1.109.0-insider,
2026-01-01,2026-01-28,2026-01-19,11374,10089635,goku_houston,24,56,0,1,1,824,0,352,0,vscode,1.109.0-insider,
2026-01-01,2026-01-28,2026-01-19,11374,10045757,grimmjow_russell,23,72,0,1,1,503,0,1274,608,vscode,1.108.1,
2026-01-01,2026-01-28,2026-01-19,11374,10100171,hakeem_ghost,0,1,0,0,0,1,0,0,0,vscode,1.108.0,
2026-01-01,2026-01-28,2026-01-19,11374,10275534,hakeem_young,7,3,0,1,1,0,0,389,7,vscode,1.108.0,
2026-01-01,2026-01-28,2026-01-19,11374,10098892,harry_rice,15,181,50,1,1,587,0,289,72,vscode,1.108.1,
2026-01-01,2026-01-28,2026-01-19,11374,10003742,hayden_debruyne,22,33,10,1,1,509,0,1246,76,vscode,1.108.1,
2026-01-01,2026-01-28,2026-01-19,11374,10041600,jill_boss,8,24,0,1,1,961,0,378,126,vscode,1.108.1,
2026-01-01,2026-01-28,2026-01-19,11374,10043821,jimmy_galfond,26,11,0,1,1,5,0,42,2,vscode,1.108.1,
2026-01-01,2026-01-28,2026-01-19,11374,10267953,jiraiya_senju,0,10,7,0,0,22,0,14,0,vscode,1.107.1,
2026-01-01,2026-01-28,2026-01-19,11374,10140105,johan_irving,2,48,21,0,1,153,0,77,0,visualstudio,17.14.23,
2026-01-01,2026-01-28,2026-01-19,11374,10086682,johan_south,2,4,2,0,1,16,0,4,0,visualstudio,17.14.23,
2026-01-01,2026-01-28,2026-01-19,11374,10129950,johnny_cyrus,0,28,4,0,0,43,0,4,0,vscode,1.108.1,
2026-01-01,2026-01-28,2026-01-19,11374,10049558,jude_bezos,18,46,2,1,1,296,0,457,64,visualstudio,17.14.23,
2026-01-01,2026-01-28,2026-01-19,11374,10050685,julius_kuchiki,2,0,0,1,1,0,0,0,0,vscode,1.108.1,
2026-01-01,2026-01-28,2026-01-19,11374,10056435,kai_lawrence,2,0,0,1,1,0,0,0,0,vscode,1.109.0-insider,
2026-01-01,2026-01-28,2026-01-19,11374,10052546,kai_ocean,3,9,2,1,1,7,0,16,18,vscode,1.108.1,
2026-01-01,2026-01-28,2026-01-19,11374,10030566,katy_leonhart,1,5,0,1,1,37,0,60,30,visualstudio,17.14.23,
2026-01-01,2026-01-28,2026-01-19,11374,10022773,ken_cyrus,7,15,0,1,1,268,0,1025,55,vscode,1.108.1,
2026-01-01,2026-01-28,2026-01-19,11374,10289684,ken_giant,0,1,0,0,0,1,0,0,0,vscode,1.108.1,
2026-01-01,2026-01-28,2026-01-19,11374,10066820,kevin_sky,14,11,1,1,1,14,0,17,0,vscode,1.108.1,
2026-01-01,2026-01-28,2026-01-19,11374,10015051,kratos_messi,12,11,0,1,1,0,0,200,61,vscode,1.108.0,
2026-01-01,2026-01-28,2026-01-19,11374,10090196,lando_booker,2,1,0,1,1,1,0,0,0,vscode,1.107.1,
2026-01-01,2026-01-28,2026-01-19,11374,10163083,leon_jaeger,14,11,0,1,1,148,0,213,0,vscode,1.108.1,
2026-01-01,2026-01-28,2026-01-19,11374,10148379,lizzo_lamar,6,91,38,1,1,139,0,88,9,vscode,1.108.1,
2026-01-01,2026-01-28,2026-01-19,11374,10158813,luffy_nadella,133,240,4,1,1,1004,0,5203,879,vscode,1.108.1,
2026-01-01,2026-01-28,2026-01-19,11374,10132344,mario_beckham,26,25,0,1,1,38,0,817,253,vscode,1.108.1,
2026-01-01,2026-01-28,2026-01-19,11374,10199058,martin_kuchiki,6,16,0,1,1,216,0,0,0,vscode,1.107.1,
2026-01-01,2026-01-28,2026-01-19,11374,10103076,mason_ibrahimovic,12,20,0,1,1,129,0,524,371,vscode,1.107.1,
2026-01-01,2026-01-28,2026-01-19,11374,10023767,mikasa_goblin,44,129,0,1,1,937,0,6750,483,vscode,1.108.1,
2026-01-01,2026-01-28,2026-01-19,11374,10006878,morgan_kennedy,4,12,0,1,1,47,0,22,0,vscode,1.108.1,
2026-01-01,2026-01-28,2026-01-19,11374,10019447,niki_leonard,26,18,0,1,1,3,0,273,104,visualstudio,17.14.23,
2026-01-01,2026-01-28,2026-01-19,11374,10138546,niki_widow,0,9,1,0,0,9,0,1,0,visualstudio,17.14.23,
2026-01-01,2026-01-28,2026-01-19,11374,10073228,panther_verstappen,24,66,2,1,1,78,0,4936,427,vscode,1.108.1,
2026-01-01,2026-01-28,2026-01-19,11374,10183296,paul_booker,44,72,2,1,1,59,0,1471,624,vscode,1.108.0,
2026-01-01,2026-01-28,2026-01-19,11374,10005215,pedri_chief,8,174,56,1,1,206,0,313,38,vscode,1.108.0,
2026-01-01,2026-01-28,2026-01-19,11374,10110220,pieck_namikaze,4,7,0,1,1,20,0,30,14,visualstudio,18.2.0,
2026-01-01,2026-01-28,2026-01-19,11374,10028089,robert_gold,19,19,1,1,1,3,0,1197,79,vscode,1.109.0-insider,
2026-01-01,2026-01-28,2026-01-19,11374,10115632,ronaldinho_arrow,1,2,0,1,1,2,0,0,0,vscode,1.108.1,
2026-01-01,2026-01-28,2026-01-19,11374,10017510,ryu_moore,21,32,0,1,1,170,0,19,20,vscode,1.108.1,
2026-01-01,2026-01-28,2026-01-19,11374,10070690,safra_king,29,97,9,1,1,128,0,6853,54,vscode,1.108.1,
2026-01-01,2026-01-28,2026-01-19,11374,10032139,safra_leonhart,8,16,0,1,1,45,0,123,7,visualstudio,17.14.23,
2026-01-01,2026-01-28,2026-01-19,11374,10042524,sandra_hathaway,24,67,5,1,1,38,0,882,250,vscode,1.107.1,
2026-01-01,2026-01-28,2026-01-19,11374,10105853,sandra_mane,1,37,12,1,1,43,0,18,1,vscode,1.108.1,
2026-01-01,2026-01-28,2026-01-19,11374,10087626,sasuke_henry,1,6,0,1,1,5,0,31,2,vscode,1.108.1,
2026-01-01,2026-01-28,2026-01-19,11374,10108988,scarlett_diamond,13,5,0,1,1,0,0,13,10,visualstudio,17.14.23,
2026-01-01,2026-01-28,2026-01-19,11374,10120175,sebastian_woman,17,21,0,1,1,64,0,879,38,vscode,1.108.1,
2026-01-01,2026-01-28,2026-01-19,11374,10116365,shakira_braun,0,7,1,0,0,7,0,1,0,vscode,1.108.1,
2026-01-01,2026-01-28,2026-01-19,11374,10085186,stewart_ricciardo,37,88,8,1,1,376,0,6020,450,visualstudio,17.14.23,
2026-01-01,2026-01-28,2026-01-19,11374,10149365,stewart_shepard,14,11,5,1,1,1899,0,1527,40,visualstudio,17.14.23,
2026-01-01,2026-01-28,2026-01-19,11374,10044523,storm_westbrook,4,12,1,1,1,107,0,24,0,vscode,1.108.1,
2026-01-01,2026-01-28,2026-01-19,11374,10036476,travis_mount,10,94,7,1,1,190,0,525,232,vscode,1.108.0,
2026-01-01,2026-01-28,2026-01-19,11374,10143310,tyrese_sainz,29,75,0,1,1,103,0,783,288,vscode,1.108.1,
2026-01-01,2026-01-28,2026-01-19,11374,10007827,wolverine_vinsmoke,63,81,0,1,1,1784,0,527,35,vscode,1.109.0-insider,
2026-01-01,2026-01-28,2026-01-19,11374,10117976,wonder_mitchell,45,108,0,1,1,20,0,2975,935,vscode,1.108.0,
2026-01-01,2026-01-28,2026-01-19,11374,10065774,yuki_archer,5,19,2,0,1,136,0,24,0,vscode,1.106.3,
2026-01-01,2026-01-28,2026-01-19,11374,10251861,zendaya_vettel,0,2,0,0,0,2,0,0,0,vscode,1.108.0,
2026-01-01,2026-01-28,2026-01-18,11374,10070028,akuma_antetokounmpo,99,198,0,1,1,219,0,5491,1872,visualstudio,18.3.0-insiders,
2026-01-01,2026-01-28,2026-01-18,11374,10028868,atlas_man,20,25,0,1,1,30,0,439,62,vscode,1.108.1,
2026-01-01,2026-01-28,2026-01-18,11374,10207434,carlos_uzumaki,0,1,1,0,0,1,0,2,0,vscode,1.109.0-insider,
2026-01-01,2026-01-28,2026-01-18,11374,10021529,cate_panther,2,2,0,1,1,2,0,0,0,vscode,1.108.0,
2026-01-01,2026-01-28,2026-01-18,11374,10124790,evan_westbrook,3,11,0,0,1,36,0,0,0,vscode,1.108.1,
2026-01-01,2026-01-28,2026-01-18,11374,10057580,gavi_altman,1,2,0,1,1,2,0,0,0,vscode,1.108.0,
2026-01-01,2026-01-28,2026-01-18,11374,10133762,gavi_perez,7,8,0,0,1,153,0,0,0,vscode,1.108.0,
2026-01-01,2026-01-28,2026-01-18,11374,10119350,geralt_negreanu,15,24,0,1,1,40,0,0,0,vscode,1.109.0-insider,
2026-01-01,2026-01-28,2026-01-18,11374,10040219,getter_braun,4,10,0,1,1,0,0,195,158,vscode,1.105.1,
2026-01-01,2026-01-28,2026-01-18,11374,10072032,ginni_fox,8,48,0,1,1,348,0,677,7,vscode,1.109.0-insider,
2026-01-01,2026-01-28,2026-01-18,11374,10089635,goku_houston,17,25,0,1,1,181,0,333,9,vscode,1.109.0-insider,
2026-01-01,2026-01-28,2026-01-18,11374,10012043,hawkeye_lewandowski,6,17,0,1,1,163,0,0,0,vscode,1.109.0-insider,
2026-01-01,2026-01-28,2026-01-18,11374,10003742,hayden_debruyne,6,4,0,1,1,57,0,0,0,vscode,1.108.1,
2026-01-01,2026-01-28,2026-01-18,11374,10170401,ichigo_gold,2,0,0,1,1,0,0,0,0,vscode,1.108.1,
2026-01-01,2026-01-28,2026-01-18,11374,10041600,jill_boss,46,34,0,1,1,65,0,654,170,vscode,1.108.1,
2026-01-01,2026-01-28,2026-01-18,11374,10049558,jude_bezos,4,17,0,0,1,108,0,0,0,visualstudio,17.14.23,
2026-01-01,2026-01-28,2026-01-18,11374,10052546,kai_ocean,4,25,3,1,1,63,0,13,29,vscode,1.108.1,
2026-01-01,2026-01-28,2026-01-18,11374,10030566,katy_leonhart,11,49,0,1,1,54,0,7695,48,vscode,1.108.0,
2026-01-01,2026-01-28,2026-01-18,11374,10022773,ken_cyrus,8,8,0,1,1,4,0,39,1,vscode,1.108.1,
2026-01-01,2026-01-28,2026-01-18,11374,10015051,kratos_messi,0,2,0,0,0,2,0,0,0,vscode,1.108.0,
2026-01-01,2026-01-28,2026-01-18,11374,10132344,mario_beckham,8,0,0,1,1,0,0,0,0,vscode,1.108.1,
2026-01-01,2026-01-28,2026-01-18,11374,10073228,panther_verstappen,14,33,2,1,1,23,0,2040,104,vscode,1.107.1,
2026-01-01,2026-01-28,2026-01-18,11374,10142303,reese_depp,0,8,2,0,0,8,0,2,0,vscode,1.108.0,
2026-01-01,2026-01-28,2026-01-18,11374,10028089,robert_gold,50,88,8,1,1,399,0,2730,181,vscode,1.109.0-insider,
2026-01-01,2026-01-28,2026-01-18,11374,10042524,sandra_hathaway,21,63,9,1,1,29,0,1050,139,vscode,1.107.1,
2026-01-01,2026-01-28,2026-01-18,11374,10120175,sebastian_woman,5,21,6,1,1,24,0,352,7,vscode,1.108.1,
2026-01-01,2026-01-28,2026-01-18,11374,10085186,stewart_ricciardo,16,27,1,1,1,55,0,637,265,visualstudio,17.14.23,
2026-01-01,2026-01-28,2026-01-18,11374,10044523,storm_westbrook,6,8,0,1,1,12,0,0,0,vscode,1.108.1,
2026-01-01,2026-01-28,2026-01-18,11374,10007827,wolverine_vinsmoke,63,33,0,1,1,0,0,1327,560,vscode,1.109.0-insider,
2026-01-01,2026-01-28,2026-01-18,11374,10031568,wonder_young,33,88,0,1,1,197,0,1421,142,vscode,1.108.0,
2026-01-01,2026-01-28,2026-01-17,11374,10048380,ace_east,2,2,0,1,1,2,0,0,0,vscode,1.107.0,
2026-01-01,2026-01-28,2026-01-17,11374,10070028,akuma_antetokounmpo,85,228,0,1,1,398,0,5447,2240,visualstudio,18.3.0-insiders,
2026-01-01,2026-01-28,2026-01-17,11374,10096555,deadpool_harden,31,97,3,1,1,649,0,4001,710,visualstudio,18.2.0,
2026-01-01,2026-01-28,2026-01-17,11374,10111881,drake_stone,2,6,1,0,1,34,0,19,0,vscode,1.108.1,
2026-01-01,2026-01-28,2026-01-17,11374,10112468,erling_jaeger,2,0,0,1,1,0,0,0,0,vscode,1.108.1,
2026-01-01,2026-01-28,2026-01-17,11374,10124790,evan_westbrook,12,29,1,1,1,62,0,1,0,vscode,1.108.1,
2026-01-01,2026-01-28,2026-01-17,11374,10119350,geralt_negreanu,16,23,0,1,1,40,0,131,259,vscode,1.109.0-insider,
2026-01-01,2026-01-28,2026-01-17,11374,10014477,isiah_taa,1,0,0,1,1,0,0,0,0,vscode,1.108.1,
2026-01-01,2026-01-28,2026-01-17,11374,10049558,jude_bezos,18,72,0,1,1,529,0,349,92,visualstudio,17.14.23,
2026-01-01,2026-01-28,2026-01-17,11374,10022773,ken_cyrus,19,42,0,1,1,123,0,229,4,vscode,1.108.0,
2026-01-01,2026-01-28,2026-01-17,11374,10015051,kratos_messi,8,13,1,1,1,7,0,46,24,vscode,1.108.0,
2026-01-01,2026-01-28,2026-01-17,11374,10141408,krillin_mbappe,2,1,0,1,1,4,0,0,0,vscode,1.108.1,
2026-01-01,2026-01-28,2026-01-17,11374,10023767,mikasa_goblin,210,462,1,1,1,2704,0,7979,1583,vscode,1.108.1,
2026-01-01,2026-01-28,2026-01-17,11374,10142303,reese_depp,0,12,1,0,0,13,0,2,0,vscode,1.108.0,
2026-01-01,2026-01-28,2026-01-17,11374,10167892,ryu_shadow,0,3,1,0,0,3,0,1,0,visualstudio,17.14.23,
2026-01-01,2026-01-28,2026-01-17,11374,10087626,sasuke_henry,5,15,0,1,1,22,0,1237,51,vscode,1.108.1,
2026-01-01,2026-01-28,2026-01-17,11374,10031568,wonder_young,10,14,0,1,1,15,0,113,8,vscode,1.108.0,
2026-01-01,2026-01-28,2026-01-16,11374,10070028,akuma_antetokounmpo,49,119,2,1,1,138,0,3290,689,visualstudio,18.3.0-insiders,
2026-01-01,2026-01-28,2026-01-16,11374,10101952,aspen_cunningham,0,4,3,0,0,12,0,11,0,visualstudio,17.14.23,
2026-01-01,2026-01-28,2026-01-16,11374,10028868,atlas_man,14,30,0,1,1,35,0,271,307,vscode,1.108.1,
2026-01-01,2026-01-28,2026-01-16,11374,10177820,bat_kaido,4,17,4,0,1,366,0,9,0,visualstudio,17.14.23,
2026-01-01,2026-01-28,2026-01-16,11374,10106366,blake_henry,2,8,0,1,1,5,0,36,8,vscode,1.107.1,
2026-01-01,2026-01-28,2026-01-16,11374,10094173,casey_jobs,1,0,0,1,1,0,0,0,0,vscode,1.108.0,
2026-01-01,2026-01-28,2026-01-16,11374,10166816,cell_doom,5,2,0,0,1,19,0,0,0,visualstudio,17.14.23,
2026-01-01,2026-01-28,2026-01-16,11374,10217398,charlize_crimson,0,1,0,0,0,1,0,0,0,vscode,1.108.1,
2026-01-01,2026-01-28,2026-01-16,11374,10239556,chun_ghost,19,16,0,1,1,178,0,55,7,vscode,1.108.1,
2026-01-01,2026-01-28,2026-01-16,11374,10262366,dakota_dwan,2,4,0,1,1,17,0,4,0,vscode,1.108.1,
2026-01-01,2026-01-28,2026-01-16,11374,10136181,damian_arlert,17,27,2,1,1,46,0,183,64,vscode,1.108.0,
2026-01-01,2026-01-28,2026-01-16,11374,10238980,daniel_black,1,0,0,1,1,0,0,0,0,vscode,1.108.0,
2026-01-01,2026-01-28,2026-01-16,11374,10096555,deadpool_harden,15,18,0,1,1,66,0,204,211,vscode,1.108.0,
2026-01-01,2026-01-28,2026-01-16,11374,10137001,denzel_portman,35,83,0,1,1,372,0,701,160,vscode,1.108.0,
2026-01-01,2026-01-28,2026-01-16,11374,10097744,doja_smith,5,1,0,1,1,24,0,0,0,vscode,1.108.0,
2026-01-01,2026-01-28,2026-01-16,11374,10077927,echo_sandberg,10,8,3,1,1,41,0,15,0,vscode,1.108.1,
2026-01-01,2026-01-28,2026-01-16,11374,10208610,eminem_tatum,11,58,9,1,1,47,0,366,36,vscode,1.108.0,
2026-01-01,2026-01-28,2026-01-16,11374,10061367,erling_island,27,50,0,1,1,236,0,197,50,visualstudio,17.14.23,
2026-01-01,2026-01-28,2026-01-16,11374,10112468,erling_jaeger,22,26,7,1,1,486,0,359,0,visualstudio,17.14.23,
2026-01-01,2026-01-28,2026-01-16,11374,10155561,evan_lamar,10,53,19,1,1,207,0,108,0,vscode,1.105.1,
2026-01-01,2026-01-28,2026-01-16,11374,10133762,gavi_perez,21,62,0,1,1,1622,0,1077,1,vscode,1.108.0,
2026-01-01,2026-01-28,2026-01-16,11374,10040219,getter_braun,23,66,0,1,1,35,0,572,501,vscode,1.105.1,
2026-01-01,2026-01-28,2026-01-16,11374,10075606,giannis_ocelot,14,34,0,1,1,40,0,1953,717,visualstudio,18.2.0,
2026-01-01,2026-01-28,2026-01-16,11374,10089635,goku_houston,9,1,0,1,1,7,0,0,0,vscode,1.109.0-insider,
2026-01-01,2026-01-28,2026-01-16,11374,10045757,grimmjow_russell,3,5,0,1,1,0,0,16,16,vscode,1.107.1,
2026-01-01,2026-01-28,2026-01-16,11374,10008939,hakeem_cyrus,19,51,4,1,1,394,0,771,26,visualstudio,17.14.23,
2026-01-01,2026-01-28,2026-01-16,11374,10100171,hakeem_ghost,41,73,0,1,1,337,0,1331,184,vscode,1.108.0,
2026-01-01,2026-01-28,2026-01-16,11374,10098892,harry_rice,0,76,32,0,0,86,0,45,0,vscode,1.108.0,
2026-01-01,2026-01-28,2026-01-16,11374,10003742,hayden_debruyne,19,16,0,1,1,9,0,3098,156,vscode,1.108.1,
2026-01-01,2026-01-28,2026-01-16,11374,10236136,hulk_dicaprio,5,3,0,0,1,6,0,0,0,vscode,1.108.0,
2026-01-01,2026-01-28,2026-01-16,11374,10084301,isiah_force,3,0,0,1,1,0,0,0,0,vscode,1.108.0,
2026-01-01,2026-01-28,2026-01-16,11374,10244062,jennifer_cross,2,1,0,0,1,225,0,0,0,vscode,1.108.0,
2026-01-01,2026-01-28,2026-01-16,11374,10043821,jimmy_galfond,9,2,0,1,1,2,0,0,0,vscode,1.108.1,
2026-01-01,2026-01-28,2026-01-16,11374,10140105,johan_irving,8,86,32,1,1,260,0,53,1,visualstudio,17.14.23,
2026-01-01,2026-01-28,2026-01-16,11374,10129950,johnny_cyrus,0,51,7,0,0,124,0,9,0,vscode,1.108.1,
2026-01-01,2026-01-28,2026-01-16,11374,10049558,jude_bezos,10,35,1,1,1,307,0,788,71,visualstudio,17.14.23,
2026-01-01,2026-01-28,2026-01-16,11374,10050685,julius_kuchiki,10,5,0,1,1,12,0,2,2,vscode,1.108.0,
2026-01-01,2026-01-28,2026-01-16,11374,10056435,kai_lawrence,28,78,1,1,1,400,0,1484,115,vscode,1.109.0-insider,
2026-01-01,2026-01-28,2026-01-16,11374,10052546,kai_ocean,17,15,0,1,1,288,0,43,0,vscode,1.108.1,
2026-01-01,2026-01-28,2026-01-16,11374,10030566,katy_leonhart,22,26,3,1,1,10,0,378,64,vscode,1.108.0,
2026-01-01,2026-01-28,2026-01-16,11374,10024695,kendrick_sun,4,5,0,1,1,0,0,61,18,vscode,1.108.0,
2026-01-01,2026-01-28,2026-01-16,11374,10190934,kirby_steel,19,28,3,1,1,9,0,251,115,vscode,1.108.0,
2026-01-01,2026-01-28,2026-01-16,11374,10015051,kratos_messi,66,122,0,1,1,120,0,3709,1314,vscode,1.108.0,
2026-01-01,2026-01-28,2026-01-16,11374,10141408,krillin_mbappe,2,0,0,1,1,0,0,0,0,vscode,1.108.0,
2026-01-01,2026-01-28,2026-01-16,11374,10013072,lady_valentine,2,8,0,1,1,25,0,0,0,vscode,1.108.0,
2026-01-01,2026-01-28,2026-01-16,11374,10182218,lara_salah,2,4,0,0,1,17,0,0,0,vscode,1.108.0,
2026-01-01,2026-01-28,2026-01-16,11374,10148379,lizzo_lamar,10,35,3,1,1,71,0,145,68,vscode,1.108.0,
2026-01-01,2026-01-28,2026-01-16,11374,10164172,logan_weeknd,27,65,7,1,1,357,0,2253,8,vscode,1.108.1,
2026-01-01,2026-01-28,2026-01-16,11374,10025949,marcus_musk,6,4,0,1,1,0,0,69,10,vscode,1.108.0-insider,
2026-01-01,2026-01-28,2026-01-16,11374,10083335,margot_haaland,2,2,0,0,1,24,0,0,0,visualstudio,17.14.23,
2026-01-01,2026-01-28,2026-01-16,11374,10132344,mario_beckham,47,2,0,1,1,4,0,25,0,vscode,1.108.1,
2026-01-01,2026-01-28,2026-01-16,11374,10103076,mason_ibrahimovic,22,23,2,1,1,281,0,374,44,vscode,1.107.1,
2026-01-01,2026-01-28,2026-01-16,11374,10092158,matt_star,4,8,0,1,1,15,0,26,21,vscode,1.108.0,
2026-01-01,2026-01-28,2026-01-16,11374,10023767,mikasa_goblin,145,370,0,1,1,974,0,9979,1647,vscode,1.108.1,
2026-01-01,2026-01-28,2026-01-16,11374,10006878,morgan_kennedy,6,8,0,1,1,19,0,0,0,vscode,1.107.1,
2026-01-01,2026-01-28,2026-01-16,11374,10138546,niki_widow,0,5,2,0,0,5,0,2,0,visualstudio,17.14.23,
2026-01-01,2026-01-28,2026-01-16,11374,10256787,orion_yamanaka,5,5,0,1,1,55,0,8,13,vscode,1.108.1,
2026-01-01,2026-01-28,2026-01-16,11374,10131547,panther_holz,2,2,0,1,1,4,0,262,0,vscode,1.108.0,
2026-01-01,2026-01-28,2026-01-16,11374,10073228,panther_verstappen,10,6,0,1,1,0,0,542,15,vscode,1.107.1,
2026-01-01,2026-01-28,2026-01-16,11374,10110220,pieck_namikaze,3,4,0,1,1,1,0,210,177,visualstudio,18.2.0,
2026-01-01,2026-01-28,2026-01-16,11374,10129262,pikachu_curry,4,3,1,1,1,10,0,5,0,visualstudio,17.14.23,
2026-01-01,2026-01-28,2026-01-16,11374,10186338,renji_donquixote,2,0,0,1,1,0,0,0,0,vscode,1.109.0-insider,
2026-01-01,2026-01-28,2026-01-16,11374,10038955,renji_sasha,14,15,0,1,1,18,0,3755,34,vscode,1.109.0-insider,
2026-01-01,2026-01-28,2026-01-16,11374,10017510,ryu_moore,32,41,0,1,1,233,0,2242,3,vscode,1.108.1,
2026-01-01,2026-01-28,2026-01-16,11374,10167892,ryu_shadow,0,6,3,0,0,27,0,13,0,visualstudio,17.14.23,
2026-01-01,2026-01-28,2026-01-16,11374,10070690,safra_king,4,15,4,1,1,12,0,24,33,vscode,1.108.1,
2026-01-01,2026-01-28,2026-01-16,11374,10042524,sandra_hathaway,5,0,0,1,1,0,0,0,0,vscode,1.107.1,
2026-01-01,2026-01-28,2026-01-16,11374,10105853,sandra_mane,0,128,54,0,0,144,0,71,0,vscode,1.108.1,
2026-01-01,2026-01-28,2026-01-16,11374,10087626,sasuke_henry,42,64,1,1,1,17,0,2883,912,vscode,1.108.1,
2026-01-01,2026-01-28,2026-01-16,11374,10201474,selena_hanks,0,3,2,0,0,3,0,2,0,visualstudio,17.14.23,
2026-01-01,2026-01-28,2026-01-16,11374,10085186,stewart_ricciardo,44,131,7,1,1,1088,0,2606,526,visualstudio,17.14.23,
2026-01-01,2026-01-28,2026-01-16,11374,10036476,travis_mount,2,34,2,1,1,94,0,5,2,vscode,1.108.0,
2026-01-01,2026-01-28,2026-01-16,11374,10143310,tyrese_sainz,23,57,0,1,1,128,0,840,296,vscode,1.108.1,
2026-01-01,2026-01-28,2026-01-16,11374,10117976,wonder_mitchell,14,12,0,1,1,41,0,48,64,vscode,1.108.0,
2026-01-01,2026-01-28,2026-01-16,11374,10031568,wonder_young,20,23,0,1,1,33,0,160,33,vscode,1.108.0,
2026-01-01,2026-01-28,2026-01-15,11374,10070028,akuma_antetokounmpo,8,26,3,1,1,8,0,91,51,visualstudio,18.3.0-insiders,
2026-01-01,2026-01-28,2026-01-15,11374,10172372,andy_kroos,1,0,0,1,1,0,0,0,0,vscode,1.108.0,
2026-01-01,2026-01-28,2026-01-15,11374,10101952,aspen_cunningham,0,3,0,0,0,3,0,0,0,visualstudio,17.14.23,
2026-01-01,2026-01-28,2026-01-15,11374,10019942,big_harris,5,3,0,1,1,0,0,65,86,vscode,1.108.0-insider,
2026-01-01,2026-01-28,2026-01-15,11374,10147452,carlos_hastings,4,2,0,1,1,8,0,45,3,vscode,1.108.0-insider,
2026-01-01,2026-01-28,2026-01-15,11374,10094173,casey_jobs,2,2,0,1,1,2,0,0,0,vscode,1.108.1,
2026-01-01,2026-01-28,2026-01-15,11374,10166816,cell_doom,7,6,1,0,1,630,0,318,0,visualstudio,17.14.23,
2026-01-01,2026-01-28,2026-01-15,11374,10204037,chris_donquixote,10,149,64,1,1,286,0,186,5,vscode,1.108.0,
2026-01-01,2026-01-28,2026-01-15,11374,10169299,chun_styles,10,94,5,1,1,701,0,415,30,vscode,1.108.1,
2026-01-01,2026-01-28,2026-01-15,11374,10240956,dante_ghost,0,4,3,0,0,4,0,3,0,visualstudio,17.14.23,
2026-01-01,2026-01-28,2026-01-15,11374,10096555,deadpool_harden,6,6,0,1,1,9,0,275,342,vscode,1.108.0,
2026-01-01,2026-01-28,2026-01-15,11374,10137001,denzel_portman,12,17,0,1,1,17,0,1961,127,vscode,1.108.0,
2026-01-01,2026-01-28,2026-01-15,11374,10097744,doja_smith,12,18,1,1,1,55,0,16,5,vscode,1.108.0,
2026-01-01,2026-01-28,2026-01-15,11374,10077927,echo_sandberg,30,12,4,1,1,32,0,10,0,vscode,1.108.1,
2026-01-01,2026-01-28,2026-01-15,11374,10122773,elon_nico,4,1,0,1,1,11,0,0,0,vscode,1.107.1,
2026-01-01,2026-01-28,2026-01-15,11374,10103786,erling_neon,5,5,0,1,1,6,0,125,0,vscode,1.106.0,
2026-01-01,2026-01-28,2026-01-15,11374,10155561,evan_lamar,1,54,17,1,1,92,0,33,14,vscode,1.105.1,
2026-01-01,2026-01-28,2026-01-15,11374,10228419,federico_sane,0,2,0,0,0,2,0,0,0,vscode,1.108.0,
2026-01-01,2026-01-28,2026-01-15,11374,10225141,finley_trafalgar,8,26,2,1,1,60,0,4206,9,vscode,1.108.0,
2026-01-01,2026-01-28,2026-01-15,11374,10234965,florence_roronoa,21,28,0,1,1,161,0,0,0,vscode,1.108.0,
2026-01-01,2026-01-28,2026-01-15,11374,10119350,geralt_negreanu,6,5,0,1,1,0,0,178,105,vscode,1.109.0-insider,
2026-01-01,2026-01-28,2026-01-15,11374,10040219,getter_braun,3,10,0,1,1,80,0,48,51,vscode,1.105.1,
2026-01-01,2026-01-28,2026-01-15,11374,10075606,giannis_ocelot,15,26,0,1,1,0,0,2782,154,visualstudio,18.2.0,
2026-01-01,2026-01-28,2026-01-15,11374,10089635,goku_houston,10,7,0,1,1,9,0,390,0,vscode,1.108.0-insider,
2026-01-01,2026-01-28,2026-01-15,11374,10100171,hakeem_ghost,14,15,0,1,1,0,0,69,45,vscode,1.108.0,
2026-01-01,2026-01-28,2026-01-15,11374,10003742,hayden_debruyne,17,15,0,1,1,155,0,0,0,vscode,1.108.1,
2026-01-01,2026-01-28,2026-01-15,11374,10170401,ichigo_gold,3,8,0,1,1,1,0,271,18,vscode,1.108.1,
2026-01-01,2026-01-28,2026-01-15,11374,10043821,jimmy_galfond,12,16,1,1,1,102,0,760,20,vscode,1.108.0,
2026-01-01,2026-01-28,2026-01-15,11374,10140105,johan_irving,12,62,13,1,1,2811,0,978,0,visualstudio,17.14.23,
2026-01-01,2026-01-28,2026-01-15,11374,10129950,johnny_cyrus,3,40,8,1,1,56,0,22,3,vscode,1.108.0,
2026-01-01,2026-01-28,2026-01-15,11374,10050685,julius_kuchiki,1,0,0,1,1,0,0,0,0,vscode,1.108.0,
2026-01-01,2026-01-28,2026-01-15,11374,10056435,kai_lawrence,12,13,3,1,1,29,0,11,0,vscode,1.109.0-insider,
2026-01-01,2026-01-28,2026-01-15,11374,10052546,kai_ocean,47,93,0,1,1,482,0,2653,124,vscode,1.108.1,
2026-01-01,2026-01-28,2026-01-15,11374,10249731,kareem_marvel,3,2,0,1,1,1,0,138,0,vscode,1.108.0,
2026-01-01,2026-01-28,2026-01-15,11374,10062309,kd_prime,17,67,24,1,1,1015,0,536,0,vscode,1.106.3,
2026-01-01,2026-01-28,2026-01-15,11374,10024695,kendrick_sun,4,4,0,1,1,0,0,17,5,vscode,1.108.0,
2026-01-01,2026-01-28,2026-01-15,11374,10190934,kirby_steel,0,26,3,0,0,35,0,3,0,vscode,1.108.0,
2026-01-01,2026-01-28,2026-01-15,11374,10015051,kratos_messi,40,84,2,1,1,43,0,1648,814,vscode,1.108.0,
2026-01-01,2026-01-28,2026-01-15,11374,10013072,lady_valentine,12,25,0,1,1,24,0,48,0,vscode,1.108.0,
2026-01-01,2026-01-28,2026-01-15,11374,10182218,lara_salah,4,4,0,1,1,58,0,48,1,vscode,1.108.0,
2026-01-01,2026-01-28,2026-01-15,11374,10163083,leon_jaeger,8,25,12,1,1,53,0,128,0,vscode,1.108.0,
2026-01-01,2026-01-28,2026-01-15,11374,10148379,lizzo_lamar,5,66,25,1,1,110,0,40,1,vscode,1.108.0,
2026-01-01,2026-01-28,2026-01-15,11374,10025949,marcus_musk,17,152,0,1,1,1270,0,18965,37,vscode,1.108.0-insider,
2026-01-01,2026-01-28,2026-01-15,11374,10276495,mark_ace,0,1,0,0,0,1,0,0,0,vscode,1.107.0-insider,
2026-01-01,2026-01-28,2026-01-15,11374,10092158,matt_star,44,45,2,1,1,8,0,488,236,vscode,1.106.3,
2026-01-01,2026-01-28,2026-01-15,11374,10023767,mikasa_goblin,211,536,10,1,1,2054,0,19018,1727,vscode,1.108.1,
2026-01-01,2026-01-28,2026-01-15,11374,10006878,morgan_kennedy,16,19,0,1,1,91,0,0,0,vscode,1.107.1,
2026-01-01,2026-01-28,2026-01-15,11374,10131547,panther_holz,12,56,5,1,1,147,0,1114,122,vscode,1.108.0,
2026-01-01,2026-01-28,2026-01-15,11374,10183296,paul_booker,79,145,7,1,1,415,0,882,432,vscode,1.108.0,
2026-01-01,2026-01-28,2026-01-15,11374,10213221,paul_weeknd,2,5,0,1,1,0,0,282,2,vscode,1.108.1,
2026-01-01,2026-01-28,2026-01-15,11374,10038955,renji_sasha,36,53,0,1,1,227,0,7727,62,vscode,1.108.1,
2026-01-01,2026-01-28,2026-01-15,11374,10063827,riley_sancho,8,1,0,1,1,1,0,0,0,vscode,1.108.1,
2026-01-01,2026-01-28,2026-01-15,11374,10115632,ronaldinho_arrow,0,2,0,0,0,2,0,0,0,vscode,1.108.0,
2026-01-01,2026-01-28,2026-01-15,11374,10060137,rubens_stallion,0,1,0,0,0,1,0,0,0,vscode,1.107.1,
2026-01-01,2026-01-28,2026-01-15,11374,10070690,safra_king,14,171,60,1,1,207,0,1816,21,vscode,1.108.0,
2026-01-01,2026-01-28,2026-01-15,11374,10047615,sakura_jassy,31,88,3,1,1,66,0,1691,806,vscode,1.108.0,
2026-01-01,2026-01-28,2026-01-15,11374,10042524,sandra_hathaway,5,6,0,1,1,0,0,44,22,vscode,1.107.1,
2026-01-01,2026-01-28,2026-01-15,11374,10105853,sandra_mane,2,41,11,1,1,40,0,39,13,vscode,1.108.0,
2026-01-01,2026-01-28,2026-01-15,11374,10064811,sebastian_zaraki,3,1,0,1,1,47,0,0,0,vscode,1.108.0,
2026-01-01,2026-01-28,2026-01-15,11374,10010217,shaquille_washington,1,9,1,1,1,19,0,1,0,vscode,1.108.0,
2026-01-01,2026-01-28,2026-01-15,11374,10016540,shazam_hunter,4,0,0,1,1,0,0,0,0,vscode,1.109.0-insider,
2026-01-01,2026-01-28,2026-01-15,11374,10193104,stephen_belmont,4,4,0,1,1,14,0,85,5,vscode,1.108.1,
2026-01-01,2026-01-28,2026-01-15,11374,10036476,travis_mount,8,103,24,1,1,157,0,253,381,vscode,1.108.0,
2026-01-01,2026-01-28,2026-01-15,11374,10143310,tyrese_sainz,29,57,0,1,1,104,0,443,203,vscode,1.108.1,
2026-01-01,2026-01-28,2026-01-15,11374,10007827,wolverine_vinsmoke,56,62,1,1,1,471,0,9097,67,vscode,1.109.0-insider,
2026-01-01,2026-01-28,2026-01-15,11374,10031568,wonder_young,2,4,0,1,1,4,0,0,0,vscode,1.108.0,
2026-01-01,2026-01-28,2026-01-14,11374,10048380,ace_east,2,2,0,0,1,2,0,0,0,visualstudio,17.14.23,
2026-01-01,2026-01-28,2026-01-14,11374,10070028,akuma_antetokounmpo,1,1,0,1,1,1,0,0,0,visualstudio,17.14.22,
2026-01-01,2026-01-28,2026-01-14,11374,10002019,alain_perez,36,20,1,1,1,21,0,91,46,vscode,1.108.0,
2026-01-01,2026-01-28,2026-01-14,11374,10172372,andy_kroos,11,8,1,1,1,36,0,0,0,vscode,1.108.0,
2026-01-01,2026-01-28,2026-01-14,11374,10206734,armin_perry,7,22,9,1,1,100,0,46,0,vscode,1.107.0,
2026-01-01,2026-01-28,2026-01-14,11374,10200645,arvind_valverde,7,17,0,1,1,1284,0,0,0,vscode,1.108.0,
2026-01-01,2026-01-28,2026-01-14,11374,10101952,aspen_cunningham,6,107,37,1,1,110,0,183,5,visualstudio,17.14.23,
2026-01-01,2026-01-28,2026-01-14,11374,10271216,atlas_neon,4,3,0,1,1,4,0,75,1,vscode,1.109.0-insider,
2026-01-01,2026-01-28,2026-01-14,11374,10177820,bat_kaido,0,29,8,0,0,29,0,8,0,visualstudio,17.14.23,
2026-01-01,2026-01-28,2026-01-14,11374,10021529,cate_panther,25,12,5,1,1,1745,0,1506,1,visualstudio,17.14.23,
2026-01-01,2026-01-28,2026-01-14,11374,10126058,cate_white,7,8,2,1,1,254,0,168,0,vscode,1.107.1,
2026-01-01,2026-01-28,2026-01-14,11374,10166816,cell_doom,2,19,7,0,1,33,0,21,0,visualstudio,17.14.23,
2026-01-01,2026-01-28,2026-01-14,11374,10204037,chris_donquixote,3,90,36,1,1,138,0,84,2,vscode,1.108.0,
2026-01-01,2026-01-28,2026-01-14,11374,10177212,dakota_leonard,10,0,0,1,1,0,0,0,0,vscode,1.108.0,
2026-01-01,2026-01-28,2026-01-14,11374,10136181,damian_arlert,22,51,9,1,1,42,0,130,36,vscode,1.108.0,
2026-01-01,2026-01-28,2026-01-14,11374,10096555,deadpool_harden,80,92,16,1,1,5906,0,4955,940,vscode,1.108.0,
2026-01-01,2026-01-28,2026-01-14,11374,10077416,denzel_diamond,6,19,4,1,1,68,0,28,31,vscode,1.108.0,
2026-01-01,2026-01-28,2026-01-14,11374,10137001,denzel_portman,24,36,0,1,1,38,0,84,88,vscode,1.108.0,
2026-01-01,2026-01-28,2026-01-14,11374,10097744,doja_smith,29,91,0,1,1,392,0,4336,89,vscode,1.108.0,
2026-01-01,2026-01-28,2026-01-14,11374,10111881,drake_stone,3,40,5,1,1,41,0,271,5,vscode,1.108.0,
2026-01-01,2026-01-28,2026-01-14,11374,10122773,elon_nico,0,6,3,0,0,6,0,6,0,vscode,1.107.1,
2026-01-01,2026-01-28,2026-01-14,11374,10208610,eminem_tatum,3,56,12,1,1,95,0,46,0,vscode,1.108.0,
2026-01-01,2026-01-28,2026-01-14,11374,10061367,erling_island,7,8,0,1,1,86,0,74,24,visualstudio,17.14.23,
2026-01-01,2026-01-28,2026-01-14,11374,10112468,erling_jaeger,46,71,11,1,1,478,0,329,34,visualstudio,17.14.23,
2026-01-01,2026-01-28,2026-01-14,11374,10103786,erling_neon,34,135,1,1,1,445,0,8526,53,vscode,1.106.0,
2026-01-01,2026-01-28,2026-01-14,11374,10155561,evan_lamar,2,109,25,1,1,189,0,36,2,vscode,1.105.1,
2026-01-01,2026-01-28,2026-01-14,11374,10234965,florence_roronoa,60,109,15,1,1,390,0,2470,98,vscode,1.108.0,
2026-01-01,2026-01-28,2026-01-14,11374,10057580,gavi_altman,1,0,0,1,1,0,0,0,0,vscode,1.108.0,
2026-01-01,2026-01-28,2026-01-14,11374,10278898,gavi_bellingham,1,1,0,0,1,15,0,0,0,vscode,1.108.0,
2026-01-01,2026-01-28,2026-01-14,11374,10133762,gavi_perez,1,0,0,1,1,0,0,0,0,vscode,1.108.0,
2026-01-01,2026-01-28,2026-01-14,11374,10040219,getter_braun,19,38,1,1,1,33,0,108,93,vscode,1.105.1,
2026-01-01,2026-01-28,2026-01-14,11374,10089635,goku_houston,10,16,0,1,1,80,0,532,24,vscode,1.108.0-insider,
2026-01-01,2026-01-28,2026-01-14,11374,10045757,grimmjow_russell,30,52,4,1,1,70,0,213,96,vscode,1.107.1,
2026-01-01,2026-01-28,2026-01-14,11374,10098892,harry_rice,4,57,18,1,1,51,0,414,207,vscode,1.108.0,
2026-01-01,2026-01-28,2026-01-14,11374,10012043,hawkeye_lewandowski,11,16,0,1,1,81,0,400,183,vscode,1.109.0-insider,
2026-01-01,2026-01-28,2026-01-14,11374,10003742,hayden_debruyne,61,92,4,1,1,1553,0,1398,348,vscode,1.108.1,
2026-01-01,2026-01-28,2026-01-14,11374,10236136,hulk_dicaprio,11,47,1,1,1,2090,0,364,44,vscode,1.108.0,
2026-01-01,2026-01-28,2026-01-14,11374,10084301,isiah_force,2,10,0,1,1,30,0,0,0,vscode,1.106.3,
2026-01-01,2026-01-28,2026-01-14,11374,10244062,jennifer_cross,3,1,0,1,1,0,0,101,9,vscode,1.108.0,
2026-01-01,2026-01-28,2026-01-14,11374,10043821,jimmy_galfond,7,6,6,1,1,6,0,6,0,vscode,1.108.0,
2026-01-01,2026-01-28,2026-01-14,11374,10184047,jiraiya_huang,0,0,1,1,1,0,0,0,0,vscode,1.108.0,
2026-01-01,2026-01-28,2026-01-14,11374,10140105,johan_irving,2,40,16,0,1,46,0,16,0,visualstudio,18.3.0-insiders,
2026-01-01,2026-01-28,2026-01-14,11374,10086682,johan_south,4,3,2,1,1,279,0,315,2453,visualstudio,17.14.23,
2026-01-01,2026-01-28,2026-01-14,11374,10129950,johnny_cyrus,2,45,6,0,1,71,0,6,0,vscode,1.108.0,
2026-01-01,2026-01-28,2026-01-14,11374,10049558,jude_bezos,30,104,5,1,1,435,0,1174,183,visualstudio,17.14.23,
2026-01-01,2026-01-28,2026-01-14,11374,10050685,julius_kuchiki,17,11,0,1,1,9,0,20,7,vscode,1.108.0,
2026-01-01,2026-01-28,2026-01-14,11374,10052546,kai_ocean,54,101,0,1,1,603,0,2625,337,vscode,1.108.0,
2026-01-01,2026-01-28,2026-01-14,11374,10030566,katy_leonhart,1,5,2,1,1,7,0,7,1,vscode,1.108.0,
2026-01-01,2026-01-28,2026-01-14,11374,10062309,kd_prime,54,176,67,1,1,3320,0,2592,24,vscode,1.108.0,
2026-01-01,2026-01-28,2026-01-14,11374,10066820,kevin_sky,19,21,0,1,1,73,0,17,11,vscode,1.108.0,
2026-01-01,2026-01-28,2026-01-14,11374,10015051,kratos_messi,27,77,1,1,1,181,0,1891,507,vscode,1.107.0,
2026-01-01,2026-01-28,2026-01-14,11374,10013072,lady_valentine,1,0,0,1,1,0,0,0,0,vscode,1.108.0,
2026-01-01,2026-01-28,2026-01-14,11374,10148379,lizzo_lamar,1,61,27,1,1,79,0,38,0,vscode,1.108.0,
2026-01-01,2026-01-28,2026-01-14,11374,10164172,logan_weeknd,16,24,0,1,1,15,0,551,12,vscode,1.107.1,
2026-01-01,2026-01-28,2026-01-14,11374,10158813,luffy_nadella,1,2,2,1,1,2,0,2,0,vscode,1.108.0,
2026-01-01,2026-01-28,2026-01-14,11374,10025949,marcus_musk,12,17,0,1,1,0,0,1453,326,vscode,1.108.0-insider,
2026-01-01,2026-01-28,2026-01-14,11374,10083335,margot_haaland,0,1,0,0,0,1,0,0,0,vscode,1.107.1,
2026-01-01,2026-01-28,2026-01-14,11374,10132344,mario_beckham,47,19,1,1,1,27,0,1,0,vscode,1.108.0,
2026-01-01,2026-01-28,2026-01-14,11374,10276495,mark_ace,0,5,2,0,0,5,0,2,0,vscode,1.107.0-insider,
2026-01-01,2026-01-28,2026-01-14,11374,10166142,mark_taa,0,2,1,0,0,2,0,1,0,vscode,1.108.0,
2026-01-01,2026-01-28,2026-01-14,11374,10103076,mason_ibrahimovic,49,66,0,1,1,31,0,3000,474,vscode,1.107.1,
2026-01-01,2026-01-28,2026-01-14,11374,10092158,matt_star,3,1,0,1,1,112,0,0,0,visualstudio,17.14.23,
2026-01-01,2026-01-28,2026-01-14,11374,10023767,mikasa_goblin,190,348,1,1,1,835,0,7683,1948,vscode,1.108.0,
2026-01-01,2026-01-28,2026-01-14,11374,10053254,mikasa_schumacher,135,100,0,1,1,67,0,1104,559,vscode,1.108.0,
2026-01-01,2026-01-28,2026-01-14,11374,10006878,morgan_kennedy,12,75,5,1,1,341,0,34,19,vscode,1.107.1,
2026-01-01,2026-01-28,2026-01-14,11374,10138546,niki_widow,0,1,0,0,0,1,0,0,0,visualstudio,17.14.23,
2026-01-01,2026-01-28,2026-01-14,11374,10131547,panther_holz,6,36,6,1,1,132,0,681,251,vscode,1.108.0,
2026-01-01,2026-01-28,2026-01-14,11374,10183296,paul_booker,119,168,0,1,1,462,0,4149,1011,vscode,1.108.0,
2026-01-01,2026-01-28,2026-01-14,11374,10005215,pedri_chief,18,84,16,1,1,60,0,557,186,vscode,1.108.0,
2026-01-01,2026-01-28,2026-01-14,11374,10129262,pikachu_curry,10,8,0,1,1,3,0,364,107,visualstudio,17.14.23,
2026-01-01,2026-01-28,2026-01-14,11374,10000787,renji_lipa,26,24,0,1,1,120,0,454,103,vscode,1.108.0,
2026-01-01,2026-01-28,2026-01-14,11374,10038955,renji_sasha,24,12,0,1,1,43,0,57,1,vscode,1.108.0,
2026-01-01,2026-01-28,2026-01-14,11374,10195818,rihanna_widow,3,22,1,1,1,59,0,25,2,vscode,1.107.1,
2026-01-01,2026-01-28,2026-01-14,11374,10063827,riley_sancho,5,8,0,1,1,8,0,0,0,vscode,1.108.0,
2026-01-01,2026-01-28,2026-01-14,11374,10028089,robert_gold,13,23,4,1,1,47,0,203,7,vscode,1.109.0-insider,
2026-01-01,2026-01-28,2026-01-14,11374,10017510,ryu_moore,25,45,5,1,1,750,0,555,11,vscode,1.109.0-insider,
2026-01-01,2026-01-28,2026-01-14,11374,10167892,ryu_shadow,6,4,1,1,1,310,0,239,55,visualstudio,17.14.23,
2026-01-01,2026-01-28,2026-01-14,11374,10070690,safra_king,4,76,36,1,1,143,0,502,23,vscode,1.108.0,
2026-01-01,2026-01-28,2026-01-14,11374,10042524,sandra_hathaway,0,14,3,0,0,14,0,4,0,vscode,1.107.1,
2026-01-01,2026-01-28,2026-01-14,11374,10087626,sasuke_henry,2,1,0,1,1,1,0,0,0,vscode,1.108.0,
2026-01-01,2026-01-28,2026-01-14,11374,10253001,satya_theron,22,53,0,1,1,245,0,507,52,vscode,1.109.0-insider,
2026-01-01,2026-01-28,2026-01-14,11374,10108988,scarlett_diamond,126,203,28,1,1,10742,0,18949,2903,visualstudio,17.14.23,
2026-01-01,2026-01-28,2026-01-14,11374,10201474,selena_hanks,0,2,0,0,0,2,0,0,0,vscode,1.108.0,
2026-01-01,2026-01-28,2026-01-14,11374,10193104,stephen_belmont,2,3,0,1,1,1,0,11,8,vscode,1.108.0,
2026-01-01,2026-01-28,2026-01-14,11374,10085186,stewart_ricciardo,18,14,2,1,1,149,0,2779,10529,visualstudio,17.14.23,
2026-01-01,2026-01-28,2026-01-14,11374,10143310,tyrese_sainz,24,40,0,1,1,53,0,481,71,vscode,1.108.0,
2026-01-01,2026-01-28,2026-01-14,11374,10196932,wilt_theron,24,46,3,1,1,64,0,678,7,vscode,1.108.0,
2026-01-01,2026-01-28,2026-01-14,11374,10007827,wolverine_vinsmoke,9,1,0,1,1,0,0,4,0,vscode,1.109.0-insider,
2026-01-01,2026-01-28,2026-01-14,11374,10117976,wonder_mitchell,30,69,8,1,1,57,0,246,157,vscode,1.108.0,
2026-01-01,2026-01-28,2026-01-14,11374,10031568,wonder_young,14,15,0,1,1,4,0,222,18,vscode,1.108.0,
2026-01-01,2026-01-28,2026-01-14,11374,10251861,zendaya_vettel,1,1,1,1,1,1,0,1,0,vscode,1.107.1,
2026-01-01,2026-01-28,2026-01-13,11374,10048380,ace_east,10,5,1,1,1,39,0,6,0,visualstudio,17.14.23,
2026-01-01,2026-01-28,2026-01-13,11374,10034210,afrojack_damon,23,155,78,1,1,513,0,1593,52,vscode,1.109.0-insider,
2026-01-01,2026-01-28,2026-01-13,11374,10070028,akuma_antetokounmpo,10,42,2,1,1,2,0,1689,547,visualstudio,17.14.22,
2026-01-01,2026-01-28,2026-01-13,11374,10002019,alain_perez,61,88,17,1,1,289,0,183,136,vscode,1.107.1,
2026-01-01,2026-01-28,2026-01-13,11374,10172372,andy_kroos,4,6,3,1,1,15,0,7,0,vscode,1.108.0,
2026-01-01,2026-01-28,2026-01-13,11374,10206734,armin_perry,4,14,6,1,1,44,0,86,0,vscode,1.107.0,
2026-01-01,2026-01-28,2026-01-13,11374,10101952,aspen_cunningham,0,21,9,0,0,49,0,37,0,visualstudio,17.14.23,
2026-01-01,2026-01-28,2026-01-13,11374,10177820,bat_kaido,2,59,26,1,1,126,0,132,79,visualstudio,17.14.23,
2026-01-01,2026-01-28,2026-01-13,11374,10019942,big_harris,6,5,0,1,1,28,0,0,0,vscode,1.108.0-insider,
2026-01-01,2026-01-28,2026-01-13,11374,10021529,cate_panther,12,10,6,0,1,1617,0,1184,0,visualstudio,17.14.23,
2026-01-01,2026-01-28,2026-01-13,11374,10126058,cate_white,1,0,0,1,1,0,0,0,0,vscode,1.107.1,
2026-01-01,2026-01-28,2026-01-13,11374,10166816,cell_doom,3,12,6,0,1,26,0,6,0,visualstudio,17.14.23,
2026-01-01,2026-01-28,2026-01-13,11374,10074164,charlize_strife,11,18,4,1,1,70,0,388,88,visualstudio,17.14.23,
2026-01-01,2026-01-28,2026-01-13,11374,10239556,chun_ghost,1,2,1,1,1,1,0,3,0,vscode,1.109.0-insider,
2026-01-01,2026-01-28,2026-01-13,11374,10169299,chun_styles,30,67,5,1,1,284,0,1249,21,vscode,1.108.0,
2026-01-01,2026-01-28,2026-01-13,11374,10262366,dakota_dwan,1,8,0,0,1,66,0,0,0,vscode,1.108.0,
2026-01-01,2026-01-28,2026-01-13,11374,10177212,dakota_leonard,1,0,0,0,1,0,0,0,0,vscode,1.109.0-insider,
2026-01-01,2026-01-28,2026-01-13,11374,10136181,damian_arlert,6,4,0,1,1,0,0,20,11,vscode,1.108.0,
2026-01-01,2026-01-28,2026-01-13,11374,10238980,daniel_black,5,13,0,1,1,5,0,2031,23,vscode,1.108.0,
2026-01-01,2026-01-28,2026-01-13,11374,10240956,dante_ghost,0,1,0,0,0,1,0,0,0,visualstudio,17.14.23,
2026-01-01,2026-01-28,2026-01-13,11374,10096555,deadpool_harden,30,31,12,1,1,1045,0,912,82,vscode,1.108.0,
2026-01-01,2026-01-28,2026-01-13,11374,10077416,denzel_diamond,9,20,7,1,1,19,0,176,18,vscode,1.108.0,
2026-01-01,2026-01-28,2026-01-13,11374,10137001,denzel_portman,6,13,0,1,1,301,0,10,9,vscode,1.108.0,
2026-01-01,2026-01-28,2026-01-13,11374,10097744,doja_smith,11,19,0,1,1,75,0,43,58,vscode,1.107.1,
2026-01-01,2026-01-28,2026-01-13,11374,10111881,drake_stone,10,38,2,1,1,45,0,1023,105,vscode,1.108.0,
2026-01-01,2026-01-28,2026-01-13,11374,10077927,echo_sandberg,10,17,0,0,1,185,0,0,0,vscode,1.107.0,
2026-01-01,2026-01-28,2026-01-13,11374,10122773,elon_nico,19,55,9,1,1,69,0,96,42,vscode,1.107.1,
2026-01-01,2026-01-28,2026-01-13,11374,10112468,erling_jaeger,33,6,0,0,1,177,0,0,0,visualstudio,17.14.23,
2026-01-01,2026-01-28,2026-01-13,11374,10155561,evan_lamar,0,86,34,0,0,110,0,55,0,vscode,1.105.1,
2026-01-01,2026-01-28,2026-01-13,11374,10082157,excision_north,1,1,0,0,1,1,0,0,0,vscode,1.109.0-insider,
2026-01-01,2026-01-28,2026-01-13,11374,10057580,gavi_altman,4,11,1,1,1,12,0,1,0,vscode,1.108.0,
2026-01-01,2026-01-28,2026-01-13,11374,10133762,gavi_perez,46,56,0,1,1,267,0,2,4,vscode,1.108.0,
2026-01-01,2026-01-28,2026-01-13,11374,10119350,geralt_negreanu,5,10,0,1,1,22,0,0,0,vscode,1.109.0-insider,
2026-01-01,2026-01-28,2026-01-13,11374,10040219,getter_braun,37,50,1,1,1,84,0,211,127,vscode,1.105.1,
2026-01-01,2026-01-28,2026-01-13,11374,10072032,ginni_fox,2,3,0,1,1,0,0,611,1,vscode,1.109.0-insider,
2026-01-01,2026-01-28,2026-01-13,11374,10089635,goku_houston,8,9,0,1,1,37,0,50,40,vscode,1.108.0-insider,
2026-01-01,2026-01-28,2026-01-13,11374,10045757,grimmjow_russell,14,66,5,1,1,84,0,424,170,vscode,1.107.1,
2026-01-01,2026-01-28,2026-01-13,11374,10100171,hakeem_ghost,38,57,2,1,1,15,0,5020,168,vscode,1.108.0,
2026-01-01,2026-01-28,2026-01-13,11374,10275534,hakeem_young,1,2,0,1,1,0,0,107,0,vscode,1.108.0,
2026-01-01,2026-01-28,2026-01-13,11374,10098892,harry_rice,17,35,13,1,1,38,0,180,4,vscode,1.108.0,
2026-01-01,2026-01-28,2026-01-13,11374,10012043,hawkeye_lewandowski,29,71,1,1,1,2014,0,1856,284,vscode,1.109.0-insider,
2026-01-01,2026-01-28,2026-01-13,11374,10003742,hayden_debruyne,11,15,2,1,1,24,0,8,3,vscode,1.108.0,
2026-01-01,2026-01-28,2026-01-13,11374,10236136,hulk_dicaprio,10,77,1,1,1,591,0,1582,0,vscode,1.108.0,
2026-01-01,2026-01-28,2026-01-13,11374,10084301,isiah_force,5,5,1,1,1,672,0,578,0,vscode,1.106.3,
2026-01-01,2026-01-28,2026-01-13,11374,10244062,jennifer_cross,2,2,0,1,1,0,0,70,14,vscode,1.108.0,
2026-01-01,2026-01-28,2026-01-13,11374,10248246,jimmy_barnes,9,9,0,1,1,0,0,113,113,vscode,1.107.1,
2026-01-01,2026-01-28,2026-01-13,11374,10043821,jimmy_galfond,21,70,2,1,1,474,0,494,8,vscode,1.108.0,
2026-01-01,2026-01-28,2026-01-13,11374,10184047,jiraiya_huang,3,8,3,1,1,16,0,5,0,vscode,1.108.0,
2026-01-01,2026-01-28,2026-01-13,11374,10267953,jiraiya_senju,0,1,0,0,0,1,0,0,0,vscode,1.107.1,
2026-01-01,2026-01-28,2026-01-13,11374,10140105,johan_irving,0,1,0,0,0,1,0,0,0,visualstudio,18.3.0-insiders,
2026-01-01,2026-01-28,2026-01-13,11374,10086682,johan_south,2,1,1,0,1,162,0,162,0,visualstudio,17.14.23,
2026-01-01,2026-01-28,2026-01-13,11374,10129950,johnny_cyrus,3,339,51,1,1,354,0,108,23,vscode,1.108.0,
2026-01-01,2026-01-28,2026-01-13,11374,10049558,jude_bezos,41,53,0,1,1,202,0,1216,399,visualstudio,17.14.23,
2026-01-01,2026-01-28,2026-01-13,11374,10050685,julius_kuchiki,5,4,0,1,1,2,0,3,2,vscode,1.107.1,
2026-01-01,2026-01-28,2026-01-13,11374,10056435,kai_lawrence,10,9,0,1,1,30,0,0,0,vscode,1.109.0-insider,
2026-01-01,2026-01-28,2026-01-13,11374,10052546,kai_ocean,63,115,3,1,1,107,0,7166,228,vscode,1.108.0,
2026-01-01,2026-01-28,2026-01-13,11374,10030566,katy_leonhart,61,84,8,1,1,103,0,3108,106,vscode,1.108.0,
2026-01-01,2026-01-28,2026-01-13,11374,10062309,kd_prime,21,76,39,1,1,994,0,719,2,vscode,1.108.0,
2026-01-01,2026-01-28,2026-01-13,11374,10024695,kendrick_sun,7,29,7,1,1,57,0,187,29,vscode,1.107.1,
2026-01-01,2026-01-28,2026-01-13,11374,10015051,kratos_messi,1,1,0,1,1,0,0,1,1,visualstudio,17.14.23,
2026-01-01,2026-01-28,2026-01-13,11374,10013072,lady_valentine,10,95,34,1,1,435,0,98,5,vscode,1.108.0,
2026-01-01,2026-01-28,2026-01-13,11374,10090196,lando_booker,1,1,0,1,1,1,0,0,0,vscode,1.107.1,
2026-01-01,2026-01-28,2026-01-13,11374,10148379,lizzo_lamar,5,24,7,1,1,20,0,553,34,vscode,1.108.0,
2026-01-01,2026-01-28,2026-01-13,11374,10164172,logan_weeknd,4,0,0,1,1,0,0,0,0,vscode,1.107.1,
2026-01-01,2026-01-28,2026-01-13,11374,10132344,mario_beckham,3,1,0,1,1,1,0,0,0,vscode,1.107.0,
2026-01-01,2026-01-28,2026-01-13,11374,10166142,mark_taa,1,2,0,0,1,6,0,0,0,vscode,1.108.0,
2026-01-01,2026-01-28,2026-01-13,11374,10103076,mason_ibrahimovic,74,74,1,1,1,232,0,2371,635,vscode,1.107.1,
2026-01-01,2026-01-28,2026-01-13,11374,10092158,matt_star,163,114,4,1,1,32,0,456,198,vscode,1.106.3,
2026-01-01,2026-01-28,2026-01-13,11374,10023767,mikasa_goblin,150,397,10,1,1,1171,0,22958,982,vscode,1.108.0,
2026-01-01,2026-01-28,2026-01-13,11374,10053254,mikasa_schumacher,51,85,0,1,1,176,0,788,410,vscode,1.108.0,
2026-01-01,2026-01-28,2026-01-13,11374,10006878,morgan_kennedy,25,95,22,1,1,382,0,452,280,vscode,1.107.1,
2026-01-01,2026-01-28,2026-01-13,11374,10019447,niki_leonard,22,38,1,1,1,144,0,714,66,visualstudio,17.14.23,
2026-01-01,2026-01-28,2026-01-13,11374,10256787,orion_yamanaka,7,8,0,1,1,51,0,315,0,vscode,1.108.0,
2026-01-01,2026-01-28,2026-01-13,11374,10131547,panther_holz,1,41,2,1,1,43,0,4,1,vscode,1.108.0,
2026-01-01,2026-01-28,2026-01-13,11374,10183296,paul_booker,34,39,0,1,1,128,0,659,29,vscode,1.108.0,
2026-01-01,2026-01-28,2026-01-13,11374,10005215,pedri_chief,16,103,53,1,1,155,0,493,54,vscode,1.108.0,
2026-01-01,2026-01-28,2026-01-13,11374,10110220,pieck_namikaze,22,30,0,1,1,72,0,595,283,visualstudio,18.1.1,
2026-01-01,2026-01-28,2026-01-13,11374,10129262,pikachu_curry,4,3,2,0,1,156,0,115,0,visualstudio,17.14.23,
2026-01-01,2026-01-28,2026-01-13,11374,10000787,renji_lipa,8,40,16,1,1,199,0,40,3,visualstudio,17.14.23,
2026-01-01,2026-01-28,2026-01-13,11374,10038955,renji_sasha,65,77,0,1,1,263,0,1231,159,vscode,1.108.0,
2026-01-01,2026-01-28,2026-01-13,11374,10281617,rex_valentine,2,5,1,0,1,226,0,26,0,vscode,1.108.0,
2026-01-01,2026-01-28,2026-01-13,11374,10195818,rihanna_widow,1,4,0,1,1,94,0,0,0,vscode,1.107.1,
2026-01-01,2026-01-28,2026-01-13,11374,10017510,ryu_moore,6,28,8,1,1,57,0,16,0,vscode,1.109.0-insider,
2026-01-01,2026-01-28,2026-01-13,11374,10070690,safra_king,16,20,0,1,1,21,0,2714,85,vscode,1.108.0,
2026-01-01,2026-01-28,2026-01-13,11374,10032139,safra_leonhart,1,2,0,0,1,4,0,0,0,vscode,1.108.0,
2026-01-01,2026-01-28,2026-01-13,11374,10042524,sandra_hathaway,9,23,4,1,1,19,0,18,5,vscode,1.107.1,
2026-01-01,2026-01-28,2026-01-13,11374,10105853,sandra_mane,0,69,23,0,0,70,0,31,0,vscode,1.108.0,
2026-01-01,2026-01-28,2026-01-13,11374,10108988,scarlett_diamond,48,76,31,1,1,2458,0,2115,176,visualstudio,18.1.1,
2026-01-01,2026-01-28,2026-01-13,11374,10201474,selena_hanks,0,5,1,1,1,4,0,2,1,visualstudio,17.14.23,
2026-01-01,2026-01-28,2026-01-13,11374,10261128,sephiroth_altman,1,2,0,1,1,0,0,480,0,vscode,1.107.1,
2026-01-01,2026-01-28,2026-01-13,11374,10116365,shakira_braun,3,70,30,1,1,74,0,44,3,vscode,1.108.0,
2026-01-01,2026-01-28,2026-01-13,11374,10010217,shaquille_washington,4,9,1,1,1,58,0,1,0,vscode,1.108.0,
2026-01-01,2026-01-28,2026-01-13,11374,10085186,stewart_ricciardo,25,47,6,1,1,258,0,70,4,visualstudio,17.14.23,
2026-01-01,2026-01-28,2026-01-13,11374,10135203,storm_lillard,38,37,0,1,1,428,0,192,45,vscode,1.108.0,
2026-01-01,2026-01-28,2026-01-13,11374,10143310,tyrese_sainz,33,45,2,1,1,117,0,67,41,vscode,1.108.0,
2026-01-01,2026-01-28,2026-01-13,11374,10196932,wilt_theron,27,33,2,1,1,203,0,14,10,vscode,1.108.0,
2026-01-01,2026-01-28,2026-01-13,11374,10007827,wolverine_vinsmoke,70,128,0,1,1,1582,0,1723,713,vscode,1.109.0-insider,
2026-01-01,2026-01-28,2026-01-13,11374,10117976,wonder_mitchell,38,63,2,1,1,44,0,2139,575,vscode,1.108.0,
2026-01-01,2026-01-28,2026-01-12,11374,10070028,akuma_antetokounmpo,0,18,10,0,0,63,0,35,0,visualstudio,18.3.0-insiders,
2026-01-01,2026-01-28,2026-01-12,11374,10002019,alain_perez,53,27,0,1,1,47,0,282,28,vscode,1.108.0,
2026-01-01,2026-01-28,2026-01-12,11374,10002532,alesso_north,15,12,5,0,1,37,0,9,0,visualstudio,18.1.1,
2026-01-01,2026-01-28,2026-01-12,11374,10172372,andy_kroos,3,0,0,1,1,0,0,0,0,vscode,1.108.0,
2026-01-01,2026-01-28,2026-01-12,11374,10095375,antman_witch,2,11,0,0,1,38,0,0,0,vscode,1.108.0,
2026-01-01,2026-01-28,2026-01-12,11374,10206734,armin_perry,1,3,1,0,1,44,0,42,0,vscode,1.107.0,
2026-01-01,2026-01-28,2026-01-12,11374,10177820,bat_kaido,4,4,2,1,1,627,0,320,338,visualstudio,17.14.23,
2026-01-01,2026-01-28,2026-01-12,11374,10106366,blake_henry,0,44,14,0,0,50,0,19,0,vscode,1.107.1,
2026-01-01,2026-01-28,2026-01-12,11374,10094173,casey_jobs,3,2,0,1,1,0,0,7,5,vscode,1.108.0,
2026-01-01,2026-01-28,2026-01-12,11374,10021529,cate_panther,0,13,3,0,0,13,0,4,0,vscode,1.108.0,
2026-01-01,2026-01-28,2026-01-12,11374,10074164,charlize_strife,7,7,2,1,1,651,0,273,1,visualstudio,17.14.23,
2026-01-01,2026-01-28,2026-01-12,11374,10169299,chun_styles,29,128,29,1,1,252,0,1577,5,vscode,1.108.0,
2026-01-01,2026-01-28,2026-01-12,11374,10153905,cyborg_hellmuth,1,15,4,1,1,16,0,6,1,vscode,1.106.2,
2026-01-01,2026-01-28,2026-01-12,11374,10107694,dakota_hill,0,134,46,0,0,143,0,67,0,vscode,1.107.0,
2026-01-01,2026-01-28,2026-01-12,11374,10177212,dakota_leonard,11,18,0,1,1,159,0,0,0,vscode,1.109.0-insider,
2026-01-01,2026-01-28,2026-01-12,11374,10136181,damian_arlert,26,56,1,1,1,24,0,236,209,vscode,1.108.0,
2026-01-01,2026-01-28,2026-01-12,11374,10238980,daniel_black,17,35,0,1,1,5,0,3218,1795,vscode,1.107.1,
2026-01-01,2026-01-28,2026-01-12,11374,10240956,dante_ghost,0,1,0,0,0,1,0,0,0,visualstudio,17.14.23,
2026-01-01,2026-01-28,2026-01-12,11374,10096555,deadpool_harden,92,228,18,1,1,2884,0,6313,159,visualstudio,18.1.1,
2026-01-01,2026-01-28,2026-01-12,11374,10077416,denzel_diamond,13,64,13,1,1,59,0,204,53,vscode,1.107.1,
2026-01-01,2026-01-28,2026-01-12,11374,10137001,denzel_portman,12,17,1,1,1,2,0,264,122,vscode,1.108.0,
2026-01-01,2026-01-28,2026-01-12,11374,10097744,doja_smith,11,14,4,1,1,53,0,62,19,vscode,1.107.1,
2026-01-01,2026-01-28,2026-01-12,11374,10111881,drake_stone,1,0,0,0,1,0,0,0,0,vscode,1.108.0,
2026-01-01,2026-01-28,2026-01-12,11374,10077927,echo_sandberg,10,4,1,1,1,114,0,204,0,vscode,1.107.0,
2026-01-01,2026-01-28,2026-01-12,11374,10112468,erling_jaeger,1,0,0,0,1,0,0,0,0,vscode,1.107.1,
2026-01-01,2026-01-28,2026-01-12,11374,10155561,evan_lamar,0,81,18,0,0,92,0,19,0,vscode,1.105.1,
2026-01-01,2026-01-28,2026-01-12,11374,10263500,excision_theron,0,175,21,0,0,184,0,24,0,vscode,1.107.1,
2026-01-01,2026-01-28,2026-01-12,11374,10057580,gavi_altman,8,54,26,1,1,49,0,77,8,vscode,1.108.0,
2026-01-01,2026-01-28,2026-01-12,11374,10133762,gavi_perez,13,7,0,1,1,41,0,2,0,vscode,1.107.1,
2026-01-01,2026-01-28,2026-01-12,11374,10045757,grimmjow_russell,47,115,11,1,1,690,0,1485,639,vscode,1.107.1,
2026-01-01,2026-01-28,2026-01-12,11374,10100171,hakeem_ghost,9,35,2,1,1,35,0,17,14,vscode,1.108.0,
2026-01-01,2026-01-28,2026-01-12,11374,10098892,harry_rice,26,62,17,1,1,56,0,320,154,vscode,1.108.0,
2026-01-01,2026-01-28,2026-01-12,11374,10012043,hawkeye_lewandowski,7,18,0,0,1,180,0,0,0,vscode,1.108.0-insider,
2026-01-01,2026-01-28,2026-01-12,11374,10084301,isiah_force,3,5,0,1,1,149,0,149,2,vscode,1.106.3,
2026-01-01,2026-01-28,2026-01-12,11374,10043821,jimmy_galfond,14,17,1,1,1,145,0,555,5,vscode,1.108.0,
2026-01-01,2026-01-28,2026-01-12,11374,10267953,jiraiya_senju,0,19,4,0,0,19,0,4,0,vscode,1.107.1,
2026-01-01,2026-01-28,2026-01-12,11374,10140105,johan_irving,21,43,10,1,1,641,0,18,0,visualstudio,18.3.0-insiders,
2026-01-01,2026-01-28,2026-01-12,11374,10129950,johnny_cyrus,1,217,62,0,1,232,0,80,0,vscode,1.108.0,
2026-01-01,2026-01-28,2026-01-12,11374,10049558,jude_bezos,5,4,2,1,1,37,0,166,11,visualstudio,17.14.23,
2026-01-01,2026-01-28,2026-01-12,11374,10050685,julius_kuchiki,11,9,0,1,1,25,0,0,0,vscode,1.107.1,
2026-01-01,2026-01-28,2026-01-12,11374,10056435,kai_lawrence,3,2,0,1,1,19,0,0,0,vscode,1.108.0-insider,
2026-01-01,2026-01-28,2026-01-12,11374,10052546,kai_ocean,30,18,0,1,1,38,0,1072,35,vscode,1.108.0,
2026-01-01,2026-01-28,2026-01-12,11374,10030566,katy_leonhart,74,89,4,1,1,647,0,1867,157,vscode,1.108.0,
2026-01-01,2026-01-28,2026-01-12,11374,10062309,kd_prime,31,52,13,1,1,498,0,268,17,vscode,1.108.0,
2026-01-01,2026-01-28,2026-01-12,11374,10024695,kendrick_sun,4,8,3,1,1,40,0,8,0,vscode,1.107.1,
2026-01-01,2026-01-28,2026-01-12,11374,10066820,kevin_sky,2,1,0,1,1,1,0,0,0,vscode,1.108.0,
2026-01-01,2026-01-28,2026-01-12,11374,10015051,kratos_messi,5,6,0,1,1,1,0,47,59,visualstudio,17.14.23,
2026-01-01,2026-01-28,2026-01-12,11374,10013072,lady_valentine,1,1,0,1,1,1,0,0,0,vscode,1.108.0,
2026-01-01,2026-01-28,2026-01-12,11374,10090196,lando_booker,10,24,1,1,1,262,0,43,0,vscode,1.107.1,
2026-01-01,2026-01-28,2026-01-12,11374,10148379,lizzo_lamar,9,25,2,1,1,23,0,251,141,vscode,1.108.0,
2026-01-01,2026-01-28,2026-01-12,11374,10025949,marcus_musk,4,9,1,1,1,6,0,37,10,vscode,1.108.0-insider,
2026-01-01,2026-01-28,2026-01-12,11374,10132344,mario_beckham,4,0,0,1,1,0,0,0,0,vscode,1.107.0,
2026-01-01,2026-01-28,2026-01-12,11374,10166142,mark_taa,1,13,3,1,1,9,0,26,23,vscode,1.108.0,
2026-01-01,2026-01-28,2026-01-12,11374,10103076,mason_ibrahimovic,34,16,0,1,1,11,0,88,101,vscode,1.107.1,
2026-01-01,2026-01-28,2026-01-12,11374,10092158,matt_star,187,214,2,1,1,27,0,2242,1749,vscode,1.106.3,
2026-01-01,2026-01-28,2026-01-12,11374,10023767,mikasa_goblin,260,508,3,1,1,1523,0,14171,2912,vscode,1.108.0,
2026-01-01,2026-01-28,2026-01-12,11374,10053254,mikasa_schumacher,101,146,1,1,1,690,0,3876,416,vscode,1.108.0,
2026-01-01,2026-01-28,2026-01-12,11374,10006878,morgan_kennedy,33,117,14,1,1,696,0,51,0,vscode,1.107.1,
2026-01-01,2026-01-28,2026-01-12,11374,10215401,nami_kidman,0,34,17,0,0,37,0,25,0,vscode,1.108.0,
2026-01-01,2026-01-28,2026-01-12,11374,10019447,niki_leonard,3,11,0,1,1,0,0,235,0,visualstudio,17.14.23,
2026-01-01,2026-01-28,2026-01-12,11374,10131547,panther_holz,10,71,11,1,1,170,0,52,25,vscode,1.108.0,
2026-01-01,2026-01-28,2026-01-12,11374,10161974,panther_scott,1,2,0,1,1,0,0,354,0,vscode,1.108.0,
2026-01-01,2026-01-28,2026-01-12,11374,10073228,panther_verstappen,38,108,6,1,1,201,0,2971,438,vscode,1.107.1,
2026-01-01,2026-01-28,2026-01-12,11374,10005215,pedri_chief,4,63,30,1,1,59,0,139,6,vscode,1.108.0,
2026-01-01,2026-01-28,2026-01-12,11374,10110220,pieck_namikaze,14,15,0,1,1,43,0,484,170,visualstudio,18.1.1,
2026-01-01,2026-01-28,2026-01-12,11374,10129262,pikachu_curry,40,29,7,1,1,3531,0,1138,19,visualstudio,17.14.23,
2026-01-01,2026-01-28,2026-01-12,11374,10186338,renji_donquixote,1,11,2,1,1,10,0,5,1,vscode,1.109.0-insider,
2026-01-01,2026-01-28,2026-01-12,11374,10000787,renji_lipa,6,6,0,1,1,0,0,97,45,vscode,1.107.1,
2026-01-01,2026-01-28,2026-01-12,11374,10038955,renji_sasha,18,86,0,1,1,134,0,6554,0,vscode,1.108.0,
2026-01-01,2026-01-28,2026-01-12,11374,10195818,rihanna_widow,52,178,3,1,1,398,0,11557,605,vscode,1.107.1,
2026-01-01,2026-01-28,2026-01-12,11374,10063827,riley_sancho,4,16,0,1,1,194,0,0,0,vscode,1.108.0,
2026-01-01,2026-01-28,2026-01-12,11374,10017510,ryu_moore,1,0,0,1,1,0,0,0,0,vscode,1.108.0,
2026-01-01,2026-01-28,2026-01-12,11374,10070690,safra_king,12,12,0,1,1,40,0,2390,19,vscode,1.108.0,
2026-01-01,2026-01-28,2026-01-12,11374,10042524,sandra_hathaway,0,3,2,0,0,4,0,2,0,vscode,1.107.1,
2026-01-01,2026-01-28,2026-01-12,11374,10087626,sasuke_henry,4,2,0,1,1,37,0,0,0,vscode,1.107.1,
2026-01-01,2026-01-28,2026-01-12,11374,10064811,sebastian_zaraki,9,22,0,1,1,491,0,486,0,vscode,1.108.0,
2026-01-01,2026-01-28,2026-01-12,11374,10201474,selena_hanks,0,3,0,1,1,2,0,3,1,vscode,1.107.1,
2026-01-01,2026-01-28,2026-01-12,11374,10116365,shakira_braun,0,106,49,0,0,133,0,90,0,vscode,1.107.1,
2026-01-01,2026-01-28,2026-01-12,11374,10085186,stewart_ricciardo,9,16,0,1,1,25,0,24,14,vscode,1.107.1,
2026-01-01,2026-01-28,2026-01-12,11374,10007827,wolverine_vinsmoke,146,36,0,1,1,115,0,959,37,vscode,1.108.0-insider,
2026-01-01,2026-01-28,2026-01-12,11374,10117976,wonder_mitchell,39,101,9,1,1,55,0,854,571,vscode,1.108.0,
2026-01-01,2026-01-28,2026-01-12,11374,10065774,yuki_archer,2,0,0,0,1,0,0,0,0,vscode,1.106.3,
2026-01-01,2026-01-28,2026-01-12,11374,10251861,zendaya_vettel,1,1,0,1,1,0,0,1,1,vscode,1.107.1,
2026-01-01,2026-01-28,2026-01-11,11374,10002019,alain_perez,11,21,0,1,1,0,0,847,225,vscode,1.107.1,
2026-01-01,2026-01-28,2026-01-11,11374,10123630,andy_america,0,11,2,0,0,14,0,3,0,vscode,1.108.0,
2026-01-01,2026-01-28,2026-01-11,11374,10094173,casey_jobs,46,26,0,1,1,4,0,4406,313,vscode,1.108.0,
2026-01-01,2026-01-28,2026-01-11,11374,10107694,dakota_hill,0,3,1,0,0,3,0,1,0,vscode,1.107.0,
2026-01-01,2026-01-28,2026-01-11,11374,10096555,deadpool_harden,50,143,2,1,1,447,0,6878,807,visualstudio,18.1.1,
2026-01-01,2026-01-28,2026-01-11,11374,10089635,goku_houston,19,26,0,1,1,178,0,172,60,vscode,1.108.0-insider,
2026-01-01,2026-01-28,2026-01-11,11374,10043821,jimmy_galfond,2,2,0,1,1,8,0,0,0,vscode,1.108.0,
2026-01-01,2026-01-28,2026-01-11,11374,10056435,kai_lawrence,119,111,1,1,1,251,0,1618,119,vscode,1.108.0-insider,
2026-01-01,2026-01-28,2026-01-11,11374,10030566,katy_leonhart,88,100,2,1,1,560,0,4383,277,vscode,1.108.0,
2026-01-01,2026-01-28,2026-01-11,11374,10062309,kd_prime,1,0,0,0,1,0,0,0,0,vscode,1.108.0,
2026-01-01,2026-01-28,2026-01-11,11374,10066820,kevin_sky,36,58,3,1,1,246,0,495,179,vscode,1.108.0,
2026-01-01,2026-01-28,2026-01-11,11374,10025949,marcus_musk,49,88,0,1,1,177,0,4158,268,vscode,1.108.0-insider,
2026-01-01,2026-01-28,2026-01-11,11374,10092158,matt_star,33,42,0,1,1,1,0,1202,425,vscode,1.106.3,
2026-01-01,2026-01-28,2026-01-11,11374,10023767,mikasa_goblin,215,561,7,1,1,2130,0,22125,1908,vscode,1.107.1,
2026-01-01,2026-01-28,2026-01-11,11374,10053254,mikasa_schumacher,2,0,0,1,1,0,0,0,0,vscode,1.108.0,
2026-01-01,2026-01-28,2026-01-11,11374,10006878,morgan_kennedy,2,1,0,1,1,0,0,25,0,vscode,1.107.1,
2026-01-01,2026-01-28,2026-01-11,11374,10073228,panther_verstappen,14,22,0,1,1,16,0,183,18,vscode,1.107.1,
2026-01-01,2026-01-28,2026-01-11,11374,10005215,pedri_chief,1,12,4,1,1,260,0,21,7,vscode,1.108.0,
2026-01-01,2026-01-28,2026-01-11,11374,10063827,riley_sancho,41,49,0,1,1,238,0,1483,108,vscode,1.108.0,
2026-01-01,2026-01-28,2026-01-11,11374,10115632,ronaldinho_arrow,1,0,0,1,1,0,0,0,0,vscode,1.108.0,
2026-01-01,2026-01-28,2026-01-11,11374,10064811,sebastian_zaraki,13,6,0,1,1,25,0,0,0,vscode,1.108.0,
2026-01-01,2026-01-28,2026-01-11,11374,10116365,shakira_braun,0,8,0,0,0,8,0,0,0,vscode,1.107.1,
2026-01-01,2026-01-28,2026-01-11,11374,10031568,wonder_young,28,76,6,1,1,128,0,1415,336,vscode,1.107.1,
2026-01-01,2026-01-28,2026-01-11,11374,10065774,yuki_archer,1,21,0,0,1,33,0,8,3,vscode,1.106.3,
2026-01-01,2026-01-28,2026-01-10,11374,10048380,ace_east,6,7,0,0,1,85,0,0,0,visualstudio,17.14.23,
2026-01-01,2026-01-28,2026-01-10,11374,10002019,alain_perez,38,46,0,1,1,0,0,2886,1233,vscode,1.107.1,
2026-01-01,2026-01-28,2026-01-10,11374,10095375,antman_witch,1,4,0,0,1,4,0,0,0,vscode,1.108.0,
2026-01-01,2026-01-28,2026-01-10,11374,10094173,casey_jobs,33,14,0,1,1,26,0,1789,195,vscode,1.108.0,
2026-01-01,2026-01-28,2026-01-10,11374,10096555,deadpool_harden,1,3,0,1,1,0,0,67,10,visualstudio,18.1.1,
2026-01-01,2026-01-28,2026-01-10,11374,10077927,echo_sandberg,1,0,0,1,1,0,0,0,0,vscode,1.107.0,
2026-01-01,2026-01-28,2026-01-10,11374,10057580,gavi_altman,1,3,2,1,1,2,0,4,1,vscode,1.108.0,
2026-01-01,2026-01-28,2026-01-10,11374,10119350,geralt_negreanu,7,5,0,1,1,25,0,0,0,vscode,1.109.0-insider,
2026-01-01,2026-01-28,2026-01-10,11374,10003742,hayden_debruyne,17,30,1,1,1,288,0,1737,213,vscode,1.108.0,
2026-01-01,2026-01-28,2026-01-10,11374,10043821,jimmy_galfond,1,0,0,1,1,0,0,0,0,vscode,1.108.0,
2026-01-01,2026-01-28,2026-01-10,11374,10129950,johnny_cyrus,0,128,17,0,0,192,0,30,0,vscode,1.108.0,
2026-01-01,2026-01-28,2026-01-10,11374,10050685,julius_kuchiki,3,7,1,1,1,21,0,1,0,vscode,1.107.1,
2026-01-01,2026-01-28,2026-01-10,11374,10056435,kai_lawrence,7,1,0,1,1,1,0,0,0,vscode,1.108.0-insider,
2026-01-01,2026-01-28,2026-01-10,11374,10052546,kai_ocean,17,23,0,1,1,44,0,2948,213,vscode,1.108.0,
2026-01-01,2026-01-28,2026-01-10,11374,10092158,matt_star,9,18,0,1,1,0,0,45,10,vscode,1.106.3,
2026-01-01,2026-01-28,2026-01-10,11374,10023767,mikasa_goblin,189,468,10,1,1,1693,0,27788,2079,vscode,1.107.1,
2026-01-01,2026-01-28,2026-01-10,11374,10053254,mikasa_schumacher,171,218,1,1,1,1015,0,3738,482,vscode,1.108.0,
2026-01-01,2026-01-28,2026-01-10,11374,10131547,panther_holz,0,2,0,0,0,2,0,0,0,vscode,1.107.1,
2026-01-01,2026-01-28,2026-01-10,11374,10005215,pedri_chief,19,71,9,1,1,132,0,384,125,vscode,1.108.0,
2026-01-01,2026-01-28,2026-01-10,11374,10000787,renji_lipa,1,1,0,1,1,0,0,13,1,vscode,1.107.1,
2026-01-01,2026-01-28,2026-01-10,11374,10063827,riley_sancho,6,20,0,1,1,92,0,74,2,vscode,1.108.0,
2026-01-01,2026-01-28,2026-01-10,11374,10054758,vision_rexha,3,6,0,1,1,26,0,10,2,vscode,1.107.1,
2026-01-01,2026-01-28,2026-01-10,11374,10031568,wonder_young,4,2,0,1,1,0,0,4,12,vscode,1.107.1,
2026-01-01,2026-01-28,2026-01-09,11374,10048380,ace_east,7,7,0,1,1,2,0,30,47,vscode,1.107.0,
2026-01-01,2026-01-28,2026-01-09,11374,10070028,akuma_antetokounmpo,1,24,9,1,1,73,0,21,1,visualstudio,17.14.22,
2026-01-01,2026-01-28,2026-01-09,11374,10002019,alain_perez,38,46,0,1,1,27,0,817,457,vscode,1.107.1,
2026-01-01,2026-01-28,2026-01-09,11374,10123630,andy_america,0,128,48,0,0,235,0,133,0,vscode,1.108.0,
2026-01-01,2026-01-28,2026-01-09,11374,10177820,bat_kaido,0,8,1,0,0,32,0,1,0,visualstudio,17.14.23,
2026-01-01,2026-01-28,2026-01-09,11374,10106366,blake_henry,6,50,11,1,1,47,0,78,8,vscode,1.107.1,
2026-01-01,2026-01-28,2026-01-09,11374,10147452,carlos_hastings,36,54,1,1,1,213,0,466,63,vscode,1.108.0-insider,
2026-01-01,2026-01-28,2026-01-09,11374,10094173,casey_jobs,37,13,0,1,1,35,0,3591,1,vscode,1.107.1,
2026-01-01,2026-01-28,2026-01-09,11374,10021529,cate_panther,11,102,39,1,1,262,0,83,6,vscode,1.107.1,
2026-01-01,2026-01-28,2026-01-09,11374,10166816,cell_doom,16,6,2,0,1,170,0,2,0,visualstudio,17.14.23,
2026-01-01,2026-01-28,2026-01-09,11374,10204037,chris_donquixote,10,48,17,1,1,55,0,61,20,vscode,1.108.0,
2026-01-01,2026-01-28,2026-01-09,11374,10107694,dakota_hill,7,17,1,1,1,9,0,76,153,vscode,1.107.0,
2026-01-01,2026-01-28,2026-01-09,11374,10136181,damian_arlert,65,160,16,1,1,263,0,2682,2280,vscode,1.107.1,
2026-01-01,2026-01-28,2026-01-09,11374,10240956,dante_ghost,0,1,0,0,0,1,0,0,0,visualstudio,17.14.23,
2026-01-01,2026-01-28,2026-01-09,11374,10096555,deadpool_harden,119,379,13,1,1,1437,0,15628,559,visualstudio,18.1.1,
2026-01-01,2026-01-28,2026-01-09,11374,10077416,denzel_diamond,9,21,3,1,1,12,0,189,159,vscode,1.107.1,
2026-01-01,2026-01-28,2026-01-09,11374,10137001,denzel_portman,16,68,13,1,1,134,0,303,66,vscode,1.107.1,
2026-01-01,2026-01-28,2026-01-09,11374,10097744,doja_smith,5,28,7,1,1,118,0,32,0,visualstudio,18.0.1,
2026-01-01,2026-01-28,2026-01-09,11374,10077927,echo_sandberg,4,12,2,1,1,44,0,12,0,vscode,1.107.0,
2026-01-01,2026-01-28,2026-01-09,11374,10061367,erling_island,2,2,0,1,1,1,0,1,1,visualstudio,17.14.23,
2026-01-01,2026-01-28,2026-01-09,11374,10112468,erling_jaeger,12,180,73,1,1,574,0,196,6,vscode,1.107.1,
2026-01-01,2026-01-28,2026-01-09,11374,10155561,evan_lamar,3,69,20,0,1,142,0,71,0,vscode,1.105.1,
2026-01-01,2026-01-28,2026-01-09,11374,10057580,gavi_altman,13,35,6,1,1,26,0,143,102,vscode,1.108.0,
2026-01-01,2026-01-28,2026-01-09,11374,10133762,gavi_perez,1,4,0,1,1,6,0,0,0,vscode,1.107.1,
2026-01-01,2026-01-28,2026-01-09,11374,10119350,geralt_negreanu,27,24,0,1,1,30,0,212,67,vscode,1.108.0-insider,
2026-01-01,2026-01-28,2026-01-09,11374,10089635,goku_houston,21,49,0,1,1,493,0,2143,386,vscode,1.108.0-insider,
2026-01-01,2026-01-28,2026-01-09,11374,10045757,grimmjow_russell,21,37,0,1,1,132,0,413,381,vscode,1.107.1,
2026-01-01,2026-01-28,2026-01-09,11374,10100171,hakeem_ghost,24,60,1,1,1,31,0,3832,178,vscode,1.108.0,
2026-01-01,2026-01-28,2026-01-09,11374,10159680,hakeem_rexha,0,6,1,0,0,6,0,1,0,vscode,1.107.1,
2026-01-01,2026-01-28,2026-01-09,11374,10098892,harry_rice,34,119,20,1,1,204,0,479,203,vscode,1.107.1,
2026-01-01,2026-01-28,2026-01-09,11374,10003742,hayden_debruyne,18,15,0,1,1,45,0,1849,9,vscode,1.108.0,
2026-01-01,2026-01-28,2026-01-09,11374,10244062,jennifer_cross,5,7,0,1,1,2,0,290,18,vscode,1.107.1,
2026-01-01,2026-01-28,2026-01-09,11374,10043821,jimmy_galfond,29,32,2,1,1,559,0,12,15,vscode,1.108.0,
2026-01-01,2026-01-28,2026-01-09,11374,10140105,johan_irving,12,58,15,0,1,395,0,25,0,visualstudio,17.14.23,
2026-01-01,2026-01-28,2026-01-09,11374,10086682,johan_south,0,2,1,0,1,5,0,0,0,vscode,1.107.1,
2026-01-01,2026-01-28,2026-01-09,11374,10129950,johnny_cyrus,0,147,53,0,0,156,0,68,0,vscode,1.106.3,
2026-01-01,2026-01-28,2026-01-09,11374,10197994,johnny_sheeran,0,2,1,0,0,2,0,1,0,vscode,1.107.1,
2026-01-01,2026-01-28,2026-01-09,11374,10050685,julius_kuchiki,2,8,0,1,1,29,0,0,0,vscode,1.107.1,
2026-01-01,2026-01-28,2026-01-09,11374,10052546,kai_ocean,28,166,0,1,1,1336,0,5647,835,vscode,1.108.0,
2026-01-01,2026-01-28,2026-01-09,11374,10030566,katy_leonhart,5,34,10,1,1,123,0,440,67,visualstudio,17.14.23,
2026-01-01,2026-01-28,2026-01-09,11374,10062309,kd_prime,32,26,9,1,1,191,0,100,3,vscode,1.108.0,
2026-01-01,2026-01-28,2026-01-09,11374,10024695,kendrick_sun,8,14,2,1,1,41,0,12,4,vscode,1.107.1,
2026-01-01,2026-01-28,2026-01-09,11374,10190934,kirby_steel,2,1,0,1,1,0,0,29,0,vscode,1.106.3,
2026-01-01,2026-01-28,2026-01-09,11374,10015051,kratos_messi,32,70,10,1,1,822,0,605,39,visualstudio,17.14.23,
2026-01-01,2026-01-28,2026-01-09,11374,10013072,lady_valentine,0,8,0,0,0,8,0,0,0,vscode,1.107.1,
2026-01-01,2026-01-28,2026-01-09,11374,10090196,lando_booker,2,0,0,1,1,0,0,0,0,vscode,1.107.1,
2026-01-01,2026-01-28,2026-01-09,11374,10163083,leon_jaeger,16,49,0,1,1,580,0,701,0,vscode,1.107.1,
2026-01-01,2026-01-28,2026-01-09,11374,10148379,lizzo_lamar,12,41,7,1,1,39,0,741,104,vscode,1.107.1,
2026-01-01,2026-01-28,2026-01-09,11374,10164172,logan_weeknd,14,18,0,1,1,132,0,643,9,vscode,1.107.1,
2026-01-01,2026-01-28,2026-01-09,11374,10175303,luigi_henry,5,8,1,1,1,47,0,36,13,vscode,1.107.1,
2026-01-01,2026-01-28,2026-01-09,11374,10166142,mark_taa,8,18,2,1,1,10,0,193,195,vscode,1.108.0,
2026-01-01,2026-01-28,2026-01-09,11374,10199058,martin_kuchiki,1,0,0,0,1,0,0,0,0,vscode,1.107.1,
2026-01-01,2026-01-28,2026-01-09,11374,10103076,mason_ibrahimovic,36,29,1,1,1,73,0,439,215,vscode,1.107.1,
2026-01-01,2026-01-28,2026-01-09,11374,10092158,matt_star,103,117,1,1,1,35,0,4282,959,vscode,1.106.3,
2026-01-01,2026-01-28,2026-01-09,11374,10023767,mikasa_goblin,134,361,4,1,1,1899,0,7842,2006,vscode,1.107.1,
2026-01-01,2026-01-28,2026-01-09,11374,10053254,mikasa_schumacher,27,78,5,1,1,1428,0,2068,273,vscode,1.108.0,
2026-01-01,2026-01-28,2026-01-09,11374,10006878,morgan_kennedy,29,54,4,1,1,134,0,66,47,vscode,1.107.1,
2026-01-01,2026-01-28,2026-01-09,11374,10138546,niki_widow,5,18,2,0,1,98,0,2,0,visualstudio,17.14.23,
2026-01-01,2026-01-28,2026-01-09,11374,10073228,panther_verstappen,7,11,0,1,1,10,0,337,92,vscode,1.107.1,
2026-01-01,2026-01-28,2026-01-09,11374,10151524,pat_digweed,0,0,2,0,1,0,0,0,0,visualstudio,17.14.23,
2026-01-01,2026-01-28,2026-01-09,11374,10005215,pedri_chief,8,28,4,1,1,59,0,183,80,vscode,1.107.1,
2026-01-01,2026-01-28,2026-01-09,11374,10110220,pieck_namikaze,4,8,0,1,1,0,0,736,12,visualstudio,18.1.1,
2026-01-01,2026-01-28,2026-01-09,11374,10129262,pikachu_curry,21,50,16,1,1,480,0,910,38,visualstudio,17.14.23,
2026-01-01,2026-01-28,2026-01-09,11374,10205166,reed_soap,2,0,0,1,1,0,0,0,0,vscode,1.107.0-insider,
2026-01-01,2026-01-28,2026-01-09,11374,10038955,renji_sasha,120,65,5,1,1,97,0,441,13,vscode,1.108.0,
2026-01-01,2026-01-28,2026-01-09,11374,10017510,ryu_moore,2,1,0,1,1,1,0,0,0,vscode,1.109.0-insider,
2026-01-01,2026-01-28,2026-01-09,11374,10070690,safra_king,4,9,2,1,1,25,0,156,9,vscode,1.107.1,
2026-01-01,2026-01-28,2026-01-09,11374,10032139,safra_leonhart,0,1,0,0,0,1,0,0,0,vscode,1.107.1,
2026-01-01,2026-01-28,2026-01-09,11374,10105853,sandra_mane,0,33,15,0,0,33,0,17,0,vscode,1.107.0,
2026-01-01,2026-01-28,2026-01-09,11374,10251253,sandra_portman,1,1,0,1,1,0,0,11,0,vscode,1.107.1,
2026-01-01,2026-01-28,2026-01-09,11374,10253001,satya_theron,2,4,0,1,1,0,0,1305,0,vscode,1.109.0-insider,
2026-01-01,2026-01-28,2026-01-09,11374,10108988,scarlett_diamond,4,0,0,0,1,0,0,0,0,vscode,1.107.1,
2026-01-01,2026-01-28,2026-01-09,11374,10120175,sebastian_woman,1,2,0,1,1,0,0,10,0,vscode,1.107.1,
2026-01-01,2026-01-28,2026-01-09,11374,10201474,selena_hanks,0,19,13,1,1,45,0,37,7,visualstudio,17.14.23,
2026-01-01,2026-01-28,2026-01-09,11374,10261128,sephiroth_altman,0,3,0,0,0,3,0,0,0,vscode,1.107.1,
2026-01-01,2026-01-28,2026-01-09,11374,10116365,shakira_braun,1,19,4,1,1,18,0,9,1,vscode,1.107.1,
2026-01-01,2026-01-28,2026-01-09,11374,10085186,stewart_ricciardo,46,71,3,1,1,1078,0,2298,126,visualstudio,17.14.23,
2026-01-01,2026-01-28,2026-01-09,11374,10149365,stewart_shepard,9,6,2,1,1,277,0,2644,188,visualstudio,17.14.23,
2026-01-01,2026-01-28,2026-01-09,11374,10154999,storm_bonomo,18,5,0,1,1,4,0,277,0,vscode,1.107.1,
2026-01-01,2026-01-28,2026-01-09,11374,10135203,storm_lillard,5,0,0,1,1,0,0,0,0,vscode,1.107.1,
2026-01-01,2026-01-28,2026-01-09,11374,10231386,tsunade_washington,1,9,2,0,1,180,0,65,0,vscode,1.107.0,
2026-01-01,2026-01-28,2026-01-09,11374,10143310,tyrese_sainz,8,34,1,1,1,190,0,6,0,vscode,1.102.3,
2026-01-01,2026-01-28,2026-01-09,11374,10007827,wolverine_vinsmoke,47,5,0,1,1,0,0,671,126,vscode,1.108.0-insider,
2026-01-01,2026-01-28,2026-01-09,11374,10117976,wonder_mitchell,40,100,7,1,1,176,0,257,142,vscode,1.107.1,
2026-01-01,2026-01-28,2026-01-09,11374,10031568,wonder_young,0,4,0,0,0,4,0,0,0,vscode,1.107.1,
2026-01-01,2026-01-28,2026-01-09,11374,10251861,zendaya_vettel,0,27,4,0,0,27,0,4,0,vscode,1.107.1,
2026-01-01,2026-01-28,2026-01-08,11374,10070028,akuma_antetokounmpo,21,48,7,1,1,122,0,1266,379,visualstudio,18.3.0-insiders,
2026-01-01,2026-01-28,2026-01-08,11374,10002019,alain_perez,60,30,1,1,1,17,0,242,131,vscode,1.107.1,
2026-01-01,2026-01-28,2026-01-08,11374,10002532,alesso_north,5,17,0,1,1,40,0,156,119,visualstudio,17.14.23,
2026-01-01,2026-01-28,2026-01-08,11374,10123630,andy_america,0,12,0,0,0,12,0,0,0,vscode,1.107.1,
2026-01-01,2026-01-28,2026-01-08,11374,10101952,aspen_cunningham,1,10,3,1,1,19,0,23,38,visualstudio,17.14.23,
2026-01-01,2026-01-28,2026-01-08,11374,10211474,beyonce_grande,12,13,0,0,1,2,0,1700,24,vscode,1.107.0,
2026-01-01,2026-01-28,2026-01-08,11374,10019942,big_harris,17,40,0,1,1,333,0,845,0,vscode,1.108.0-insider,
2026-01-01,2026-01-28,2026-01-08,11374,10272872,carlos_foxen,46,37,1,1,1,277,0,857,147,vscode,1.107.1,
2026-01-01,2026-01-28,2026-01-08,11374,10094173,casey_jobs,23,42,5,1,1,665,0,1332,0,vscode,1.107.1,
2026-01-01,2026-01-28,2026-01-08,11374,10021529,cate_panther,20,171,82,1,1,342,0,339,101,vscode,1.107.1,
2026-01-01,2026-01-28,2026-01-08,11374,10166816,cell_doom,20,106,24,1,1,513,0,336,7,visualstudio,17.14.23,
2026-01-01,2026-01-28,2026-01-08,11374,10074164,charlize_strife,20,53,4,1,1,443,0,294,97,vscode,1.107.1,
2026-01-01,2026-01-28,2026-01-08,11374,10107694,dakota_hill,0,3,0,0,0,3,0,0,0,vscode,1.107.0,
2026-01-01,2026-01-28,2026-01-08,11374,10136181,damian_arlert,22,125,29,1,1,195,0,354,109,vscode,1.106.1,
2026-01-01,2026-01-28,2026-01-08,11374,10096555,deadpool_harden,10,5,1,1,1,46,0,8,0,vscode,1.107.1,
2026-01-01,2026-01-28,2026-01-08,11374,10077416,denzel_diamond,9,18,2,1,1,8,0,417,335,vscode,1.107.1,
2026-01-01,2026-01-28,2026-01-08,11374,10137001,denzel_portman,34,156,31,1,1,825,0,533,15,vscode,1.107.1,
2026-01-01,2026-01-28,2026-01-08,11374,10097744,doja_smith,48,65,2,1,1,119,0,406,96,vscode,1.107.1,
2026-01-01,2026-01-28,2026-01-08,11374,10077927,echo_sandberg,20,4,0,1,1,18,0,0,0,vscode,1.107.0,
2026-01-01,2026-01-28,2026-01-08,11374,10114468,eren_davis,3,3,0,1,1,0,0,191,0,vscode,1.108.0-insider,
2026-01-01,2026-01-28,2026-01-08,11374,10061367,erling_island,12,15,0,1,1,19,0,36,132,visualstudio,17.14.23,
2026-01-01,2026-01-28,2026-01-08,11374,10112468,erling_jaeger,4,55,26,1,1,105,0,50,0,vscode,1.107.1,
2026-01-01,2026-01-28,2026-01-08,11374,10155561,evan_lamar,0,49,16,0,0,57,0,25,0,vscode,1.105.1,
2026-01-01,2026-01-28,2026-01-08,11374,10082157,excision_north,36,48,0,1,1,125,0,820,45,vscode,1.108.0-insider,
2026-01-01,2026-01-28,2026-01-08,11374,10229848,franky_abarai,45,50,14,1,1,254,0,771,68,vscode,1.107.1,
2026-01-01,2026-01-28,2026-01-08,11374,10283854,franky_west,1,1,1,0,1,68,0,68,0,vscode,1.107.1,
2026-01-01,2026-01-28,2026-01-08,11374,10057580,gavi_altman,6,9,0,1,1,9,0,26,22,vscode,1.107.1,
2026-01-01,2026-01-28,2026-01-08,11374,10133762,gavi_perez,7,27,0,1,1,92,0,0,0,vscode,1.107.1,
2026-01-01,2026-01-28,2026-01-08,11374,10075606,giannis_ocelot,32,191,77,1,1,2236,0,1894,61,vscode,1.108.0-insider,
2026-01-01,2026-01-28,2026-01-08,11374,10089635,goku_houston,24,65,0,1,1,298,0,4496,93,vscode,1.108.0-insider,
2026-01-01,2026-01-28,2026-01-08,11374,10045757,grimmjow_russell,54,79,1,1,1,220,0,304,224,vscode,1.107.1,
2026-01-01,2026-01-28,2026-01-08,11374,10100171,hakeem_ghost,18,48,0,1,1,99,0,4154,91,vscode,1.107.1,
2026-01-01,2026-01-28,2026-01-08,11374,10159680,hakeem_rexha,32,27,2,1,1,41,0,135,72,vscode,1.107.1,
2026-01-01,2026-01-28,2026-01-08,11374,10098892,harry_rice,16,327,158,1,1,380,0,888,353,vscode,1.107.1,
2026-01-01,2026-01-28,2026-01-08,11374,10003742,hayden_debruyne,14,33,0,1,1,58,0,2146,76,vscode,1.107.1,
2026-01-01,2026-01-28,2026-01-08,11374,10244062,jennifer_cross,4,5,0,1,1,30,0,38,4,vscode,1.107.1,
2026-01-01,2026-01-28,2026-01-08,11374,10043821,jimmy_galfond,22,15,0,1,1,526,0,121,0,vscode,1.107.1,
2026-01-01,2026-01-28,2026-01-08,11374,10267953,jiraiya_senju,0,6,2,0,0,18,0,3,0,vscode,1.107.1,
2026-01-01,2026-01-28,2026-01-08,11374,10140105,johan_irving,9,58,15,1,1,393,0,41,167,visualstudio,17.14.23,
2026-01-01,2026-01-28,2026-01-08,11374,10086682,johan_south,2,3,2,0,1,29,0,1,0,visualstudio,17.14.23,
2026-01-01,2026-01-28,2026-01-08,11374,10129950,johnny_cyrus,0,209,64,0,0,229,0,84,0,vscode,1.106.3,
2026-01-01,2026-01-28,2026-01-08,11374,10050685,julius_kuchiki,2,1,0,1,1,1,0,0,0,vscode,1.107.1,
2026-01-01,2026-01-28,2026-01-08,11374,10030566,katy_leonhart,4,23,2,1,1,208,0,96,1441,visualstudio,17.14.23,
2026-01-01,2026-01-28,2026-01-08,11374,10062309,kd_prime,39,81,26,1,1,236,0,109,21,vscode,1.107.1,
2026-01-01,2026-01-28,2026-01-08,11374,10024695,kendrick_sun,28,27,1,1,1,6,0,150,157,vscode,1.107.1,
2026-01-01,2026-01-28,2026-01-08,11374,10190934,kirby_steel,18,16,2,1,1,18,0,6,138,vscode,1.106.3,
2026-01-01,2026-01-28,2026-01-08,11374,10015051,kratos_messi,7,8,0,1,1,253,0,39,15,visualstudio,17.14.23,
2026-01-01,2026-01-28,2026-01-08,11374,10013072,lady_valentine,3,5,1,1,1,5,0,1,0,vscode,1.107.1,
2026-01-01,2026-01-28,2026-01-08,11374,10090196,lando_booker,3,0,0,1,1,0,0,0,0,vscode,1.107.1,
2026-01-01,2026-01-28,2026-01-08,11374,10163083,leon_jaeger,19,12,0,1,1,78,0,301,10,vscode,1.107.1,
2026-01-01,2026-01-28,2026-01-08,11374,10148379,lizzo_lamar,18,51,12,1,1,621,0,851,184,vscode,1.107.1,
2026-01-01,2026-01-28,2026-01-08,11374,10158813,luffy_nadella,2,2,1,1,1,1,0,22,5,vscode,1.106.3,
2026-01-01,2026-01-28,2026-01-08,11374,10175303,luigi_henry,15,273,107,1,1,454,0,825,292,vscode,1.107.1,
2026-01-01,2026-01-28,2026-01-08,11374,10025949,marcus_musk,1,0,0,1,1,0,0,0,0,vscode,1.108.0-insider,
2026-01-01,2026-01-28,2026-01-08,11374,10083335,margot_haaland,3,38,15,1,1,89,0,26,0,vscode,1.107.1,
2026-01-01,2026-01-28,2026-01-08,11374,10166142,mark_taa,0,3,2,0,0,3,0,2,0,vscode,1.107.1,
2026-01-01,2026-01-28,2026-01-08,11374,10103076,mason_ibrahimovic,30,29,0,1,1,54,0,839,401,vscode,1.107.1,
2026-01-01,2026-01-28,2026-01-08,11374,10092158,matt_star,65,62,0,1,1,22,0,1482,717,vscode,1.106.3,
2026-01-01,2026-01-28,2026-01-08,11374,10023767,mikasa_goblin,149,356,7,1,1,1151,0,4581,2076,vscode,1.107.1,
2026-01-01,2026-01-28,2026-01-08,11374,10053254,mikasa_schumacher,23,39,0,1,1,140,0,1279,53,vscode,1.107.1,
2026-01-01,2026-01-28,2026-01-08,11374,10006878,morgan_kennedy,10,118,29,1,1,273,0,51,9,vscode,1.107.1,
2026-01-01,2026-01-28,2026-01-08,11374,10215401,nami_kidman,0,1,0,0,0,1,0,0,0,vscode,1.107.1,
2026-01-01,2026-01-28,2026-01-08,11374,10138546,niki_widow,0,2,0,0,0,21,0,0,0,vscode,1.107.1,
2026-01-01,2026-01-28,2026-01-08,11374,10073228,panther_verstappen,5,27,2,1,1,12,0,449,88,vscode,1.107.1,
2026-01-01,2026-01-28,2026-01-08,11374,10151524,pat_digweed,7,3,2,0,1,79,0,78,0,visualstudio,17.14.23,
2026-01-01,2026-01-28,2026-01-08,11374,10005215,pedri_chief,5,124,63,1,1,242,0,138,43,vscode,1.107.1,
2026-01-01,2026-01-28,2026-01-08,11374,10110220,pieck_namikaze,6,19,3,1,1,119,0,140,23,visualstudio,18.1.1,
2026-01-01,2026-01-28,2026-01-08,11374,10129262,pikachu_curry,16,34,4,1,1,754,0,405,3,visualstudio,17.14.23,
2026-01-01,2026-01-28,2026-01-08,11374,10000787,renji_lipa,14,102,7,0,1,828,0,20,0,visualstudio,17.14.23,
2026-01-01,2026-01-28,2026-01-08,11374,10038955,renji_sasha,35,77,0,1,1,169,0,1734,66,vscode,1.107.1,
2026-01-01,2026-01-28,2026-01-08,11374,10017510,ryu_moore,13,22,0,1,1,39,0,295,0,vscode,1.108.0-insider,
2026-01-01,2026-01-28,2026-01-08,11374,10167892,ryu_shadow,4,4,0,1,1,0,0,83,41,visualstudio,17.14.23,
2026-01-01,2026-01-28,2026-01-08,11374,10070690,safra_king,13,29,2,1,1,25,0,990,60,vscode,1.107.1,
2026-01-01,2026-01-28,2026-01-08,11374,10032139,safra_leonhart,2,8,1,0,1,45,0,11,0,vscode,1.107.1,
2026-01-01,2026-01-28,2026-01-08,11374,10047615,sakura_jassy,0,6,1,0,0,6,0,1,0,visualstudio,18.0.2,
2026-01-01,2026-01-28,2026-01-08,11374,10042524,sandra_hathaway,32,44,10,1,1,106,0,1468,154,vscode,1.107.1,
2026-01-01,2026-01-28,2026-01-08,11374,10105853,sandra_mane,1,61,28,1,1,85,0,44,1,vscode,1.107.0,
2026-01-01,2026-01-28,2026-01-08,11374,10120175,sebastian_woman,0,28,3,0,0,29,0,4,0,vscode,1.107.1,
2026-01-01,2026-01-28,2026-01-08,11374,10201474,selena_hanks,0,9,3,0,0,22,0,7,0,visualstudio,17.14.23,
2026-01-01,2026-01-28,2026-01-08,11374,10116365,shakira_braun,5,38,18,1,1,38,0,1065,12,visualstudio,18.0.0,
2026-01-01,2026-01-28,2026-01-08,11374,10085186,stewart_ricciardo,40,61,6,1,1,416,0,3340,145,visualstudio,17.14.23,
2026-01-01,2026-01-28,2026-01-08,11374,10135203,storm_lillard,3,0,0,1,1,0,0,0,0,vscode,1.107.1,
2026-01-01,2026-01-28,2026-01-08,11374,10007827,wolverine_vinsmoke,199,16,0,1,1,75,0,349,127,vscode,1.108.0-insider,
2026-01-01,2026-01-28,2026-01-08,11374,10117976,wonder_mitchell,57,183,16,1,1,142,0,3959,1088,vscode,1.107.1,
2026-01-01,2026-01-28,2026-01-08,11374,10031568,wonder_young,8,19,0,1,1,2,0,507,79,vscode,1.107.1,
2026-01-01,2026-01-28,2026-01-08,11374,10065774,yuki_archer,7,22,5,0,1,609,0,326,143,vscode,1.106.3,
2026-01-01,2026-01-28,2026-01-08,11374,10251861,zendaya_vettel,18,35,0,1,1,135,0,84,49,vscode,1.107.1,
2026-01-01,2026-01-28,2026-01-07,11374,10070028,akuma_antetokounmpo,4,13,2,1,1,30,0,281,44,visualstudio,18.3.0-insiders,
2026-01-01,2026-01-28,2026-01-07,11374,10002532,alesso_north,45,89,1,1,1,147,0,2594,986,visualstudio,17.14.23,
2026-01-01,2026-01-28,2026-01-07,11374,10123630,andy_america,0,93,25,0,0,148,0,49,0,vscode,1.107.1,
2026-01-01,2026-01-28,2026-01-07,11374,10272148,anne_kenney,0,9,2,0,0,128,0,31,0,visualstudio,17.14.23,
2026-01-01,2026-01-28,2026-01-07,11374,10206734,armin_perry,0,8,0,0,0,8,0,0,0,vscode,1.107.0,
2026-01-01,2026-01-28,2026-01-07,11374,10101952,aspen_cunningham,1,2,0,1,1,0,0,16,14,visualstudio,17.14.23,
2026-01-01,2026-01-28,2026-01-07,11374,10177820,bat_kaido,15,103,7,1,1,198,0,34,22,vscode,1.107.1,
2026-01-01,2026-01-28,2026-01-07,11374,10019942,big_harris,8,26,0,1,1,228,0,152,0,vscode,1.107.1,
2026-01-01,2026-01-28,2026-01-07,11374,10106366,blake_henry,0,1,0,0,0,1,0,0,0,vscode,1.107.1,
2026-01-01,2026-01-28,2026-01-07,11374,10223640,byakuya_arrow,9,47,5,1,1,175,0,584,3,vscode,1.107.1,
2026-01-01,2026-01-28,2026-01-07,11374,10094173,casey_jobs,23,21,0,1,1,86,0,13826,30,vscode,1.107.1,
2026-01-01,2026-01-28,2026-01-07,11374,10021529,cate_panther,21,66,27,1,1,310,0,611,245,vscode,1.107.1,
2026-01-01,2026-01-28,2026-01-07,11374,10166816,cell_doom,2,1,0,0,1,3,0,0,0,visualstudio,17.14.23,
2026-01-01,2026-01-28,2026-01-07,11374,10074164,charlize_strife,10,17,0,1,1,60,0,78,8,vscode,1.107.1,
2026-01-01,2026-01-28,2026-01-07,11374,10169299,chun_styles,7,33,4,1,1,64,0,267,45,vscode,1.107.1,
2026-01-01,2026-01-28,2026-01-07,11374,10107694,dakota_hill,0,13,4,0,0,13,0,6,0,vscode,1.107.0,
2026-01-01,2026-01-28,2026-01-07,11374,10177212,dakota_leonard,1,0,0,1,1,0,0,0,0,vscode,1.108.0-insider,
2026-01-01,2026-01-28,2026-01-07,11374,10136181,damian_arlert,13,86,28,1,1,494,0,584,195,vscode,1.106.1,
2026-01-01,2026-01-28,2026-01-07,11374,10096555,deadpool_harden,4,18,0,1,1,0,0,1209,853,visualstudio,18.1.1,
2026-01-01,2026-01-28,2026-01-07,11374,10077416,denzel_diamond,53,59,10,1,1,49,0,909,390,vscode,1.107.1,
2026-01-01,2026-01-28,2026-01-07,11374,10137001,denzel_portman,16,54,15,1,1,639,0,343,69,vscode,1.107.1,
2026-01-01,2026-01-28,2026-01-07,11374,10097744,doja_smith,19,40,1,1,1,51,0,302,26,vscode,1.107.1,
2026-01-01,2026-01-28,2026-01-07,11374,10077927,echo_sandberg,17,44,5,0,1,547,0,175,0,vscode,1.107.0,
2026-01-01,2026-01-28,2026-01-07,11374,10061367,erling_island,16,25,0,1,1,147,0,1372,36,visualstudio,17.14.23,
2026-01-01,2026-01-28,2026-01-07,11374,10112468,erling_jaeger,2,0,0,1,1,0,0,0,0,visualstudio,17.14.23,
2026-01-01,2026-01-28,2026-01-07,11374,10103786,erling_neon,5,19,0,1,1,88,0,1049,0,vscode,1.106.0,
2026-01-01,2026-01-28,2026-01-07,11374,10155561,evan_lamar,0,53,18,0,0,81,0,21,0,vscode,1.105.1,
2026-01-01,2026-01-28,2026-01-07,11374,10082157,excision_north,3,5,0,1,1,33,0,14,1,vscode,1.108.0-insider,
2026-01-01,2026-01-28,2026-01-07,11374,10263500,excision_theron,0,3,1,0,0,3,0,1,0,vscode,1.107.1,
2026-01-01,2026-01-28,2026-01-07,11374,10229848,franky_abarai,1,0,1,1,1,0,0,0,0,vscode,1.107.1,
2026-01-01,2026-01-28,2026-01-07,11374,10291437,frieza_hyuga,0,1,0,0,0,1,0,0,0,vscode,1.108.0-insider,
2026-01-01,2026-01-28,2026-01-07,11374,10057580,gavi_altman,20,108,30,1,1,260,0,196,57,vscode,1.107.1,
2026-01-01,2026-01-28,2026-01-07,11374,10133762,gavi_perez,3,3,0,1,1,10,0,0,0,vscode,1.107.1,
2026-01-01,2026-01-28,2026-01-07,11374,10119350,geralt_negreanu,17,22,0,1,1,156,0,14,8,vscode,1.108.0-insider,
2026-01-01,2026-01-28,2026-01-07,11374,10045757,grimmjow_russell,55,80,4,1,1,292,0,306,246,vscode,1.107.1,
2026-01-01,2026-01-28,2026-01-07,11374,10100171,hakeem_ghost,38,80,0,1,1,83,0,11242,162,vscode,1.107.1,
2026-01-01,2026-01-28,2026-01-07,11374,10159680,hakeem_rexha,99,116,7,1,1,126,0,438,386,vscode,1.107.1,
2026-01-01,2026-01-28,2026-01-07,11374,10098892,harry_rice,4,167,51,1,1,217,0,144,40,vscode,1.107.1,
2026-01-01,2026-01-28,2026-01-07,11374,10012043,hawkeye_lewandowski,1,0,0,1,1,0,0,0,0,vscode,1.108.0-insider,
2026-01-01,2026-01-28,2026-01-07,11374,10244062,jennifer_cross,21,9,1,1,1,34,0,225,15,vscode,1.107.1,
2026-01-01,2026-01-28,2026-01-07,11374,10043821,jimmy_galfond,33,10,5,1,1,17,0,28,20,vscode,1.107.1,
2026-01-01,2026-01-28,2026-01-07,11374,10140105,johan_irving,7,21,6,1,1,125,0,39,8,vscode,1.107.1,
2026-01-01,2026-01-28,2026-01-07,11374,10086682,johan_south,0,0,1,0,1,0,0,0,0,visualstudio,17.14.23,
2026-01-01,2026-01-28,2026-01-07,11374,10129950,johnny_cyrus,2,113,35,0,1,179,0,44,0,vscode,1.106.3,
2026-01-01,2026-01-28,2026-01-07,11374,10049558,jude_bezos,14,17,0,1,1,7,0,445,606,visualstudio,17.14.23,
2026-01-01,2026-01-28,2026-01-07,11374,10050685,julius_kuchiki,9,3,0,1,1,2,0,2,2,vscode,1.107.1,
2026-01-01,2026-01-28,2026-01-07,11374,10030566,katy_leonhart,26,79,3,1,1,173,0,2168,169,vscode,1.106.3,
2026-01-01,2026-01-28,2026-01-07,11374,10062309,kd_prime,10,6,2,1,1,10,0,2,0,vscode,1.107.1,
2026-01-01,2026-01-28,2026-01-07,11374,10024695,kendrick_sun,58,69,0,1,1,51,0,2145,293,vscode,1.107.1,
2026-01-01,2026-01-28,2026-01-07,11374,10190934,kirby_steel,16,25,6,1,1,16,0,197,46,vscode,1.106.3,
2026-01-01,2026-01-28,2026-01-07,11374,10148379,lizzo_lamar,6,31,10,1,1,29,0,37,16,vscode,1.107.1,
2026-01-01,2026-01-28,2026-01-07,11374,10175303,luigi_henry,18,96,19,1,1,473,0,613,198,vscode,1.107.1,
2026-01-01,2026-01-28,2026-01-07,11374,10083335,margot_haaland,4,4,0,0,1,11,0,0,0,visualstudio,17.14.23,
2026-01-01,2026-01-28,2026-01-07,11374,10166142,mark_taa,0,2,0,0,0,2,0,0,0,vscode,1.107.1,
2026-01-01,2026-01-28,2026-01-07,11374,10199058,martin_kuchiki,2,0,0,0,1,0,0,0,0,vscode,1.107.1,
2026-01-01,2026-01-28,2026-01-07,11374,10103076,mason_ibrahimovic,34,51,2,1,1,48,0,1266,622,vscode,1.107.1,
2026-01-01,2026-01-28,2026-01-07,11374,10092158,matt_star,8,44,8,1,1,32,0,590,546,vscode,1.106.3,
2026-01-01,2026-01-28,2026-01-07,11374,10173376,michael_namikaze,1,0,0,1,1,0,0,0,0,vscode,1.107.1,
2026-01-01,2026-01-28,2026-01-07,11374,10023767,mikasa_goblin,83,177,9,1,1,423,0,3944,1089,vscode,1.107.1,
2026-01-01,2026-01-28,2026-01-07,11374,10053254,mikasa_schumacher,71,96,5,1,1,681,0,4014,53,vscode,1.107.1,
2026-01-01,2026-01-28,2026-01-07,11374,10288108,miley_bonomo,0,5,0,0,0,16,0,0,0,vscode,1.107.1,
2026-01-01,2026-01-28,2026-01-07,11374,10006878,morgan_kennedy,5,32,5,1,1,110,0,21,2,vscode,1.107.1,
2026-01-01,2026-01-28,2026-01-07,11374,10138546,niki_widow,0,2,0,0,0,2,0,0,0,visualstudio,17.14.23,
2026-01-01,2026-01-28,2026-01-07,11374,10131547,panther_holz,11,26,3,1,1,21,0,483,101,vscode,1.107.1,
2026-01-01,2026-01-28,2026-01-07,11374,10073228,panther_verstappen,6,38,1,1,1,59,0,2621,122,vscode,1.107.1,
2026-01-01,2026-01-28,2026-01-07,11374,10005215,pedri_chief,6,15,4,1,1,76,0,28,7,vscode,1.107.1,
2026-01-01,2026-01-28,2026-01-07,11374,10110220,pieck_namikaze,6,10,0,1,1,21,0,241,142,visualstudio,18.1.1,
2026-01-01,2026-01-28,2026-01-07,11374,10129262,pikachu_curry,8,29,1,1,1,157,0,447,20,visualstudio,17.14.23,
2026-01-01,2026-01-28,2026-01-07,11374,10157555,quinn_tatum,12,14,2,1,1,28,0,52,21,vscode,1.107.1,
2026-01-01,2026-01-28,2026-01-07,11374,10281017,reese_antonius,4,0,0,1,1,0,0,0,0,visualstudio,17.14.23,
2026-01-01,2026-01-28,2026-01-07,11374,10000787,renji_lipa,31,195,4,0,1,3588,0,357,0,visualstudio,17.14.23,
2026-01-01,2026-01-28,2026-01-07,11374,10038955,renji_sasha,51,108,6,1,1,361,0,2400,104,vscode,1.107.1,
2026-01-01,2026-01-28,2026-01-07,11374,10017510,ryu_moore,15,22,0,1,1,76,0,15,2,vscode,1.108.0-insider,
2026-01-01,2026-01-28,2026-01-07,11374,10167892,ryu_shadow,5,12,0,1,1,61,0,35,30,vscode,1.107.1,
2026-01-01,2026-01-28,2026-01-07,11374,10070690,safra_king,21,48,7,1,1,113,0,755,87,vscode,1.107.1,
2026-01-01,2026-01-28,2026-01-07,11374,10032139,safra_leonhart,10,29,4,1,1,1336,0,1235,19,vscode,1.107.1,
2026-01-01,2026-01-28,2026-01-07,11374,10047615,sakura_jassy,0,1,0,0,0,1,0,0,0,vscode,1.107.1,
2026-01-01,2026-01-28,2026-01-07,11374,10274818,sam_mason,37,96,27,0,1,230,0,70,0,vscode,1.107.1,
2026-01-01,2026-01-28,2026-01-07,11374,10042524,sandra_hathaway,31,69,8,1,1,88,0,2074,110,vscode,1.107.1,
2026-01-01,2026-01-28,2026-01-07,11374,10105853,sandra_mane,1,35,14,1,1,78,0,23,3,vscode,1.107.0,
2026-01-01,2026-01-28,2026-01-07,11374,10120175,sebastian_woman,0,46,1,0,0,46,0,1,0,vscode,1.107.1,
2026-01-01,2026-01-28,2026-01-07,11374,10201474,selena_hanks,0,2,1,0,0,5,0,1,0,visualstudio,17.14.23,
2026-01-01,2026-01-28,2026-01-07,11374,10181028,sergio_king,2,1,0,1,1,2,0,0,0,vscode,1.107.0,
2026-01-01,2026-01-28,2026-01-07,11374,10116365,shakira_braun,19,342,188,1,1,575,0,490,73,vscode,1.107.1,
2026-01-01,2026-01-28,2026-01-07,11374,10010217,shaquille_washington,5,49,20,1,1,84,0,39,3,vscode,1.107.1,
2026-01-01,2026-01-28,2026-01-07,11374,10085186,stewart_ricciardo,37,84,3,1,1,749,0,1507,77,visualstudio,17.14.23,
2026-01-01,2026-01-28,2026-01-07,11374,10135203,storm_lillard,6,2,0,1,1,35,0,0,0,vscode,1.107.1,
2026-01-01,2026-01-28,2026-01-07,11374,10278255,ulquiorra_kurosaki,2,0,0,1,1,0,0,0,0,vscode,1.107.1,
2026-01-01,2026-01-28,2026-01-07,11374,10092587,weeknd_altman,0,3,0,0,0,3,0,0,0,vscode,1.106.3,
2026-01-01,2026-01-28,2026-01-07,11374,10068696,wolverine_abarai,6,18,0,0,1,564,0,0,0,visualstudio,17.14.23,
2026-01-01,2026-01-28,2026-01-07,11374,10007827,wolverine_vinsmoke,69,121,1,1,1,3193,0,2660,75,vscode,1.108.0-insider,
2026-01-01,2026-01-28,2026-01-07,11374,10117976,wonder_mitchell,61,153,9,1,1,75,0,5114,1067,vscode,1.107.1,
2026-01-01,2026-01-28,2026-01-07,11374,10031568,wonder_young,12,79,5,1,1,137,0,2519,81,vscode,1.107.1,
2026-01-01,2026-01-28,2026-01-07,11374,10065774,yuki_archer,21,55,13,0,1,1280,0,562,0,vscode,1.106.3,
2026-01-01,2026-01-28,2026-01-07,11374,10251861,zendaya_vettel,2,4,1,1,1,13,0,3,0,vscode,1.107.1,
2026-01-01,2026-01-28,2026-01-06,11374,10002019,alain_perez,4,11,0,1,1,0,0,373,29,vscode,1.107.0,
2026-01-01,2026-01-28,2026-01-06,11374,10002532,alesso_north,101,190,0,1,1,213,0,4649,2893,visualstudio,17.14.23,
2026-01-01,2026-01-28,2026-01-06,11374,10123630,andy_america,0,130,42,0,0,193,0,62,0,vscode,1.107.1,
2026-01-01,2026-01-28,2026-01-06,11374,10272148,anne_kenney,2,2,0,0,1,4,0,0,0,visualstudio,17.14.23,
2026-01-01,2026-01-28,2026-01-06,11374,10101952,aspen_cunningham,0,2,0,0,0,2,0,0,0,visualstudio,17.14.23,
2026-01-01,2026-01-28,2026-01-06,11374,10028868,atlas_man,0,5,0,0,0,5,0,0,0,vscode,1.107.1,
2026-01-01,2026-01-28,2026-01-06,11374,10177820,bat_kaido,0,1,0,0,0,4,0,0,0,visualstudio,17.14.23,
2026-01-01,2026-01-28,2026-01-06,11374,10094173,casey_jobs,30,78,20,1,1,61,0,6322,184,vscode,1.107.1,
2026-01-01,2026-01-28,2026-01-06,11374,10021529,cate_panther,5,10,0,0,1,199,0,0,0,vscode,1.107.1,
2026-01-01,2026-01-28,2026-01-06,11374,10166816,cell_doom,22,83,33,1,1,378,0,147,106,visualstudio,17.14.23,
2026-01-01,2026-01-28,2026-01-06,11374,10127228,charles_kroos,0,1,0,0,0,1,0,0,0,vscode,1.107.1,
2026-01-01,2026-01-28,2026-01-06,11374,10074164,charlize_strife,24,53,11,1,1,2197,0,1262,68,visualstudio,17.14.23,
2026-01-01,2026-01-28,2026-01-06,11374,10222270,chun_south,6,17,0,1,1,124,0,0,0,vscode,1.107.0,
2026-01-01,2026-01-28,2026-01-06,11374,10107694,dakota_hill,0,49,21,0,0,51,0,26,0,vscode,1.107.0,
2026-01-01,2026-01-28,2026-01-06,11374,10136181,damian_arlert,34,71,9,1,1,110,0,1479,321,vscode,1.106.1,
2026-01-01,2026-01-28,2026-01-06,11374,10096555,deadpool_harden,21,53,1,1,1,501,0,95,142,visualstudio,18.1.1,
2026-01-01,2026-01-28,2026-01-06,11374,10077416,denzel_diamond,33,181,67,1,1,437,0,326,172,vscode,1.107.1,
2026-01-01,2026-01-28,2026-01-06,11374,10137001,denzel_portman,50,95,0,1,1,764,0,861,228,vscode,1.107.1,
2026-01-01,2026-01-28,2026-01-06,11374,10097744,doja_smith,30,46,8,1,1,53,0,426,123,vscode,1.107.1,
2026-01-01,2026-01-28,2026-01-06,11374,10111881,drake_stone,2,0,0,1,1,0,0,0,0,vscode,1.107.1,
2026-01-01,2026-01-28,2026-01-06,11374,10174819,dua_jackson,4,5,2,0,1,121,0,90,0,visualstudio,17.14.23,
2026-01-01,2026-01-28,2026-01-06,11374,10077927,echo_sandberg,10,7,0,1,1,100,0,0,0,vscode,1.107.0,
2026-01-01,2026-01-28,2026-01-06,11374,10061367,erling_island,17,38,2,1,1,338,0,3947,30,visualstudio,17.14.23,
2026-01-01,2026-01-28,2026-01-06,11374,10112468,erling_jaeger,2,4,1,1,1,6,0,1,0,visualstudio,17.14.23,
2026-01-01,2026-01-28,2026-01-06,11374,10103786,erling_neon,24,78,1,1,1,27,0,12670,19,vscode,1.106.0,
2026-01-01,2026-01-28,2026-01-06,11374,10263500,excision_theron,0,114,45,0,0,119,0,60,0,vscode,1.107.1,
2026-01-01,2026-01-28,2026-01-06,11374,10229848,franky_abarai,9,10,1,1,1,4,0,358,22,vscode,1.107.1,
2026-01-01,2026-01-28,2026-01-06,11374,10057580,gavi_altman,36,191,38,1,1,409,0,531,221,vscode,1.107.1,
2026-01-01,2026-01-28,2026-01-06,11374,10133762,gavi_perez,53,107,15,1,1,2433,0,1108,61,vscode,1.107.1,
2026-01-01,2026-01-28,2026-01-06,11374,10119350,geralt_negreanu,12,16,0,1,1,43,0,285,108,vscode,1.108.0-insider,
2026-01-01,2026-01-28,2026-01-06,11374,10040219,getter_braun,2,0,0,1,1,0,0,0,0,vscode,1.105.1,
2026-01-01,2026-01-28,2026-01-06,11374,10089635,goku_houston,3,4,1,1,1,27,0,0,0,vscode,1.108.0-insider,
2026-01-01,2026-01-28,2026-01-06,11374,10045757,grimmjow_russell,36,38,0,1,1,81,0,163,32,vscode,1.107.1,
2026-01-01,2026-01-28,2026-01-06,11374,10100171,hakeem_ghost,15,19,2,1,1,18,0,453,52,vscode,1.107.1,
2026-01-01,2026-01-28,2026-01-06,11374,10159680,hakeem_rexha,23,56,0,1,1,178,0,198,115,vscode,1.107.1,
2026-01-01,2026-01-28,2026-01-06,11374,10098892,harry_rice,27,90,22,1,1,145,0,377,222,vscode,1.107.1,
2026-01-01,2026-01-28,2026-01-06,11374,10003742,hayden_debruyne,11,18,0,1,1,57,0,959,47,vscode,1.107.1,
2026-01-01,2026-01-28,2026-01-06,11374,10084301,isiah_force,12,11,5,1,1,1243,0,775,0,vscode,1.106.3,
2026-01-01,2026-01-28,2026-01-06,11374,10035398,jensen_ibrahimovic,26,81,8,1,1,62,0,670,275,vscode,1.107.1,
2026-01-01,2026-01-28,2026-01-06,11374,10043821,jimmy_galfond,19,11,1,1,1,5,0,33,16,vscode,1.107.1,
2026-01-01,2026-01-28,2026-01-06,11374,10086682,johan_south,2,2,1,0,1,298,0,0,0,visualstudio,17.14.23,
2026-01-01,2026-01-28,2026-01-06,11374,10129950,johnny_cyrus,0,63,11,0,0,66,0,11,0,vscode,1.106.3,
2026-01-01,2026-01-28,2026-01-06,11374,10197994,johnny_sheeran,0,2,2,0,0,5,0,6,0,vscode,1.107.1,
2026-01-01,2026-01-28,2026-01-06,11374,10049558,jude_bezos,22,71,0,0,1,650,0,0,0,visualstudio,17.14.23,
2026-01-01,2026-01-28,2026-01-06,11374,10050685,julius_kuchiki,11,6,0,1,1,0,0,6,5,vscode,1.107.1,
2026-01-01,2026-01-28,2026-01-06,11374,10030566,katy_leonhart,0,8,2,0,0,16,0,2,0,visualstudio,17.14.23,
2026-01-01,2026-01-28,2026-01-06,11374,10024695,kendrick_sun,12,16,0,1,1,36,0,78,18,vscode,1.107.1,
2026-01-01,2026-01-28,2026-01-06,11374,10013072,lady_valentine,7,63,15,1,1,102,0,222,119,vscode,1.107.1,
2026-01-01,2026-01-28,2026-01-06,11374,10148379,lizzo_lamar,5,14,7,1,1,74,0,67,0,vscode,1.107.1,
2026-01-01,2026-01-28,2026-01-06,11374,10175303,luigi_henry,17,46,21,1,1,125,0,113,86,vscode,1.107.1,
2026-01-01,2026-01-28,2026-01-06,11374,10083335,margot_haaland,0,7,0,0,0,7,0,0,0,vscode,1.107.1,
2026-01-01,2026-01-28,2026-01-06,11374,10276495,mark_ace,0,4,1,0,0,4,0,1,0,vscode,1.107.0-insider,
2026-01-01,2026-01-28,2026-01-06,11374,10103076,mason_ibrahimovic,17,25,7,1,1,27,0,17,10,vscode,1.107.1,
2026-01-01,2026-01-28,2026-01-06,11374,10092158,matt_star,2,2,0,1,1,0,0,3,16,vscode,1.106.3,
2026-01-01,2026-01-28,2026-01-06,11374,10173376,michael_namikaze,5,0,0,1,1,0,0,0,0,vscode,1.107.1,
2026-01-01,2026-01-28,2026-01-06,11374,10023767,mikasa_goblin,137,205,1,1,1,653,0,4858,719,vscode,1.107.1,
2026-01-01,2026-01-28,2026-01-06,11374,10053254,mikasa_schumacher,19,40,2,1,1,98,0,2034,86,vscode,1.107.1,
2026-01-01,2026-01-28,2026-01-06,11374,10138546,niki_widow,0,2,0,0,0,2,0,0,0,visualstudio,17.14.23,
2026-01-01,2026-01-28,2026-01-06,11374,10131547,panther_holz,0,6,0,0,0,6,0,0,0,vscode,1.107.1,
2026-01-01,2026-01-28,2026-01-06,11374,10073228,panther_verstappen,0,19,1,0,0,19,0,1,0,vscode,1.107.0,
2026-01-01,2026-01-28,2026-01-06,11374,10151524,pat_digweed,2,5,0,0,1,77,0,0,0,visualstudio,17.14.23,
2026-01-01,2026-01-28,2026-01-06,11374,10005215,pedri_chief,0,6,5,0,0,8,0,5,0,vscode,1.107.1,
2026-01-01,2026-01-28,2026-01-06,11374,10110220,pieck_namikaze,4,7,0,1,1,22,0,619,141,visualstudio,18.1.1,
2026-01-01,2026-01-28,2026-01-06,11374,10129262,pikachu_curry,4,2,1,0,1,240,0,120,0,visualstudio,17.14.23,
2026-01-01,2026-01-28,2026-01-06,11374,10157555,quinn_tatum,19,24,1,1,1,56,0,228,32,vscode,1.107.1,
2026-01-01,2026-01-28,2026-01-06,11374,10038955,renji_sasha,19,55,4,1,1,144,0,5074,8,vscode,1.107.1,
2026-01-01,2026-01-28,2026-01-06,11374,10195818,rihanna_widow,25,31,8,1,1,219,0,93,1,vscode,1.107.1,
2026-01-01,2026-01-28,2026-01-06,11374,10186064,river_forest,2,10,0,0,1,10,0,0,0,visualstudio,17.14.23,
2026-01-01,2026-01-28,2026-01-06,11374,10167892,ryu_shadow,5,42,23,1,1,145,0,36,14,visualstudio,17.14.23,
2026-01-01,2026-01-28,2026-01-06,11374,10070690,safra_king,8,38,4,1,1,142,0,323,9,vscode,1.107.1,
2026-01-01,2026-01-28,2026-01-06,11374,10032139,safra_leonhart,9,21,2,1,1,132,0,146,25,visualstudio,17.14.23,
2026-01-01,2026-01-28,2026-01-06,11374,10042524,sandra_hathaway,2,10,3,1,1,48,0,3,0,vscode,1.107.1,
2026-01-01,2026-01-28,2026-01-06,11374,10105853,sandra_mane,0,93,37,0,0,102,0,53,0,vscode,1.107.0,
2026-01-01,2026-01-28,2026-01-06,11374,10108988,scarlett_diamond,0,1,1,0,0,1,0,1,0,vscode,1.107.1,
2026-01-01,2026-01-28,2026-01-06,11374,10120175,sebastian_woman,0,5,0,0,0,5,0,0,0,vscode,1.107.1,
2026-01-01,2026-01-28,2026-01-06,11374,10085186,stewart_ricciardo,34,24,1,1,1,677,0,1039,24,visualstudio,17.14.23,
2026-01-01,2026-01-28,2026-01-06,11374,10149365,stewart_shepard,4,2,0,1,1,0,0,147,118,visualstudio,17.14.23,
2026-01-01,2026-01-28,2026-01-06,11374,10036476,travis_mount,10,54,14,1,1,45,0,87,43,vscode,1.107.1,
2026-01-01,2026-01-28,2026-01-06,11374,10092587,weeknd_altman,0,4,0,0,0,4,0,0,0,vscode,1.106.3,
2026-01-01,2026-01-28,2026-01-06,11374,10068696,wolverine_abarai,0,10,0,1,1,47,0,15,1,vscode,1.105.1,
2026-01-01,2026-01-28,2026-01-06,11374,10007827,wolverine_vinsmoke,76,165,7,1,1,2236,0,2063,30,vscode,1.108.0-insider,
2026-01-01,2026-01-28,2026-01-06,11374,10117976,wonder_mitchell,60,35,1,1,1,16,0,923,361,vscode,1.107.1,
2026-01-01,2026-01-28,2026-01-06,11374,10031568,wonder_young,2,57,2,1,1,95,0,885,48,vscode,1.107.1,
2026-01-01,2026-01-28,2026-01-06,11374,10065774,yuki_archer,11,20,1,0,1,21,0,1,0,vscode,1.106.3,
2026-01-01,2026-01-28,2026-01-06,11374,10152286,zeke_ronaldo,2,0,0,1,1,0,0,0,0,vscode,1.107.1,
2026-01-01,2026-01-28,2026-01-05,11374,10048380,ace_east,7,27,4,1,1,55,0,5,1,vscode,1.107.0,
2026-01-01,2026-01-28,2026-01-05,11374,10070028,akuma_antetokounmpo,0,2,0,0,0,58,0,0,0,vscode,1.107.1,
2026-01-01,2026-01-28,2026-01-05,11374,10002532,alesso_north,3,9,0,1,1,0,0,328,399,visualstudio,17.14.23,
2026-01-01,2026-01-28,2026-01-05,11374,10101952,aspen_cunningham,3,3,0,1,1,4,0,156,8,visualstudio,17.14.23,
2026-01-01,2026-01-28,2026-01-05,11374,10028868,atlas_man,2,2,0,1,1,0,0,11,12,vscode,1.107.1,
2026-01-01,2026-01-28,2026-01-05,11374,10106366,blake_henry,7,51,2,1,1,48,0,150,68,vscode,1.107.1,
2026-01-01,2026-01-28,2026-01-05,11374,10094173,casey_jobs,2,1,1,0,1,1,0,1,0,vscode,1.107.1,
2026-01-01,2026-01-28,2026-01-05,11374,10021529,cate_panther,26,48,5,1,1,330,0,327,8,vscode,1.107.1,
2026-01-01,2026-01-28,2026-01-05,11374,10166816,cell_doom,2,0,0,0,1,0,0,0,0,visualstudio,17.14.23,
2026-01-01,2026-01-28,2026-01-05,11374,10127228,charles_kroos,1,3,0,1,1,1,0,4,4,vscode,1.107.1,
2026-01-01,2026-01-28,2026-01-05,11374,10074164,charlize_strife,14,18,9,1,1,1033,0,686,0,visualstudio,17.14.23,
2026-01-01,2026-01-28,2026-01-05,11374,10107694,dakota_hill,0,13,4,0,0,13,0,6,0,vscode,1.107.0,
2026-01-01,2026-01-28,2026-01-05,11374,10136181,damian_arlert,7,10,0,1,1,88,0,373,241,vscode,1.106.1,
2026-01-01,2026-01-28,2026-01-05,11374,10096555,deadpool_harden,14,46,3,1,1,450,0,103,16,vscode,1.107.1,
2026-01-01,2026-01-28,2026-01-05,11374,10077416,denzel_diamond,37,134,38,1,1,363,0,238,142,vscode,1.107.1,
2026-01-01,2026-01-28,2026-01-05,11374,10137001,denzel_portman,17,52,10,1,1,37,0,344,14,vscode,1.107.1,
2026-01-01,2026-01-28,2026-01-05,11374,10097744,doja_smith,8,28,0,0,1,269,0,0,0,vscode,1.107.1,
2026-01-01,2026-01-28,2026-01-05,11374,10174819,dua_jackson,2,2,0,0,1,7,0,0,0,visualstudio,17.14.23,
2026-01-01,2026-01-28,2026-01-05,11374,10077927,echo_sandberg,14,19,1,1,1,242,0,162,0,vscode,1.107.0,
2026-01-01,2026-01-28,2026-01-05,11374,10103786,erling_neon,3,20,2,1,1,262,0,13,0,vscode,1.106.0,
2026-01-01,2026-01-28,2026-01-05,11374,10155561,evan_lamar,0,1,1,0,0,1,0,1,0,vscode,1.105.1,
2026-01-01,2026-01-28,2026-01-05,11374,10263500,excision_theron,0,35,14,0,0,35,0,16,0,vscode,1.107.1,
2026-01-01,2026-01-28,2026-01-05,11374,10057580,gavi_altman,10,19,4,1,1,7,0,203,51,vscode,1.107.1,
2026-01-01,2026-01-28,2026-01-05,11374,10133762,gavi_perez,49,86,21,1,1,1004,0,713,14,vscode,1.107.1,
2026-01-01,2026-01-28,2026-01-05,11374,10089635,goku_houston,21,31,0,1,1,261,0,0,0,vscode,1.108.0-insider,
2026-01-01,2026-01-28,2026-01-05,11374,10045757,grimmjow_russell,48,103,7,1,1,824,0,740,332,vscode,1.107.1,
2026-01-01,2026-01-28,2026-01-05,11374,10100171,hakeem_ghost,27,101,2,1,1,812,0,5472,416,vscode,1.107.1,
2026-01-01,2026-01-28,2026-01-05,11374,10159680,hakeem_rexha,112,176,9,1,1,134,0,2428,1871,vscode,1.107.1,
2026-01-01,2026-01-28,2026-01-05,11374,10098892,harry_rice,42,71,0,1,1,278,0,1933,409,vscode,1.107.1,
2026-01-01,2026-01-28,2026-01-05,11374,10012043,hawkeye_lewandowski,1,1,0,1,1,1,0,0,0,vscode,1.108.0-insider,
2026-01-01,2026-01-28,2026-01-05,11374,10003742,hayden_debruyne,22,41,0,1,1,7,0,2673,155,vscode,1.107.1,
2026-01-01,2026-01-28,2026-01-05,11374,10084301,isiah_force,35,51,20,1,1,3096,0,2043,0,vscode,1.106.3,
2026-01-01,2026-01-28,2026-01-05,11374,10043821,jimmy_galfond,6,23,4,1,1,25,0,100,57,vscode,1.107.1,
2026-01-01,2026-01-28,2026-01-05,11374,10086682,johan_south,4,3,1,0,1,57,0,19,0,visualstudio,17.14.23,
2026-01-01,2026-01-28,2026-01-05,11374,10129950,johnny_cyrus,0,121,40,0,0,133,0,49,0,vscode,1.106.3,
2026-01-01,2026-01-28,2026-01-05,11374,10197994,johnny_sheeran,0,88,19,0,0,144,0,40,0,vscode,1.107.1,
2026-01-01,2026-01-28,2026-01-05,11374,10049558,jude_bezos,1,1,0,1,1,0,0,32,56,visualstudio,17.14.23,
2026-01-01,2026-01-28,2026-01-05,11374,10050685,julius_kuchiki,17,39,0,1,1,124,0,22,18,vscode,1.107.1,
2026-01-01,2026-01-28,2026-01-05,11374,10056435,kai_lawrence,6,4,1,1,1,4,0,1,0,vscode,1.108.0-insider,
2026-01-01,2026-01-28,2026-01-05,11374,10030566,katy_leonhart,0,7,3,1,1,6,0,5,1,visualstudio,17.14.23,
2026-01-01,2026-01-28,2026-01-05,11374,10024695,kendrick_sun,70,97,5,1,1,375,0,3063,1063,vscode,1.107.1,
2026-01-01,2026-01-28,2026-01-05,11374,10013072,lady_valentine,0,2,1,0,0,2,0,1,0,vscode,1.107.1,
2026-01-01,2026-01-28,2026-01-05,11374,10090196,lando_booker,1,5,1,1,1,32,0,11,0,vscode,1.107.1,
2026-01-01,2026-01-28,2026-01-05,11374,10148379,lizzo_lamar,0,13,0,0,0,13,0,0,0,vscode,1.107.1,
2026-01-01,2026-01-28,2026-01-05,11374,10083335,margot_haaland,2,1,1,0,1,34,0,34,0,visualstudio,17.14.23,
2026-01-01,2026-01-28,2026-01-05,11374,10173376,michael_namikaze,3,2,0,1,1,1,0,5,2,vscode,1.107.1,
2026-01-01,2026-01-28,2026-01-05,11374,10023767,mikasa_goblin,134,322,2,1,1,1022,0,13987,629,vscode,1.107.1,
2026-01-01,2026-01-28,2026-01-05,11374,10053254,mikasa_schumacher,42,267,0,1,1,74,0,27412,3528,vscode,1.107.1,
2026-01-01,2026-01-28,2026-01-05,11374,10006878,morgan_kennedy,16,61,18,1,1,99,0,69,14,vscode,1.107.1,
2026-01-01,2026-01-28,2026-01-05,11374,10138546,niki_widow,0,1,0,0,0,1,0,0,0,visualstudio,17.14.23,
2026-01-01,2026-01-28,2026-01-05,11374,10131547,panther_holz,1,131,11,0,1,165,0,13,0,vscode,1.107.1,
2026-01-01,2026-01-28,2026-01-05,11374,10151524,pat_digweed,12,19,4,1,1,754,0,728,7,visualstudio,17.14.23,
2026-01-01,2026-01-28,2026-01-05,11374,10005215,pedri_chief,34,67,8,1,1,237,0,342,292,vscode,1.107.1,
2026-01-01,2026-01-28,2026-01-05,11374,10110220,pieck_namikaze,7,24,1,1,1,28,0,357,67,visualstudio,18.1.1,
2026-01-01,2026-01-28,2026-01-05,11374,10157555,quinn_tatum,6,13,2,1,1,7,0,81,36,vscode,1.107.1,
2026-01-01,2026-01-28,2026-01-05,11374,10000787,renji_lipa,5,23,0,1,1,475,0,102,0,visualstudio,17.14.23,
2026-01-01,2026-01-28,2026-01-05,11374,10038955,renji_sasha,49,90,1,1,1,371,0,2910,112,vscode,1.107.1,
2026-01-01,2026-01-28,2026-01-05,11374,10195818,rihanna_widow,29,20,3,1,1,11,0,467,236,vscode,1.107.1,
2026-01-01,2026-01-28,2026-01-05,11374,10167892,ryu_shadow,1,3,1,1,1,2,0,92,9,visualstudio,17.14.23,
2026-01-01,2026-01-28,2026-01-05,11374,10070690,safra_king,4,40,4,1,1,25,0,1075,17,vscode,1.107.1,
2026-01-01,2026-01-28,2026-01-05,11374,10032139,safra_leonhart,88,231,11,1,1,2518,0,808,38,visualstudio,17.14.23,
2026-01-01,2026-01-28,2026-01-05,11374,10042524,sandra_hathaway,32,105,1,1,1,115,0,5506,190,vscode,1.107.1,
2026-01-01,2026-01-28,2026-01-05,11374,10105853,sandra_mane,0,88,37,0,0,113,0,50,0,vscode,1.107.0,
2026-01-01,2026-01-28,2026-01-05,11374,10087626,sasuke_henry,2,1,0,1,1,1,0,0,0,vscode,1.107.1,
2026-01-01,2026-01-28,2026-01-05,11374,10120175,sebastian_woman,0,2,1,0,0,2,0,1,0,vscode,1.107.1,
2026-01-01,2026-01-28,2026-01-05,11374,10116365,shakira_braun,2,9,1,1,1,7,0,34,30,vscode,1.107.1,
2026-01-01,2026-01-28,2026-01-05,11374,10010217,shaquille_washington,1,3,1,1,1,9,0,3,0,vscode,1.107.1,
2026-01-01,2026-01-28,2026-01-05,11374,10085186,stewart_ricciardo,17,36,4,1,1,317,0,1024,427,visualstudio,17.14.23,
2026-01-01,2026-01-28,2026-01-05,11374,10154999,storm_bonomo,55,0,0,0,1,0,0,0,0,vscode,1.107.1,
2026-01-01,2026-01-28,2026-01-05,11374,10044523,storm_westbrook,27,60,13,1,1,108,0,26,0,vscode,1.107.1,
2026-01-01,2026-01-28,2026-01-05,11374,10036476,travis_mount,0,22,5,0,0,24,0,9,0,vscode,1.107.1,
2026-01-01,2026-01-28,2026-01-05,11374,10007827,wolverine_vinsmoke,39,66,0,1,1,502,0,5436,115,vscode,1.108.0-insider,
2026-01-01,2026-01-28,2026-01-05,11374,10117976,wonder_mitchell,22,40,1,1,1,57,0,494,114,vscode,1.107.1,
2026-01-01,2026-01-28,2026-01-05,11374,10031568,wonder_young,7,26,0,1,1,35,0,2,2,vscode,1.107.1,
2026-01-01,2026-01-28,2026-01-05,11374,10152286,zeke_ronaldo,6,0,0,1,1,0,0,0,0,vscode,1.107.1,
2026-01-01,2026-01-28,2026-01-04,11374,10002532,alesso_north,31,59,5,1,1,80,0,2040,467,visualstudio,17.14.23,
2026-01-01,2026-01-28,2026-01-04,11374,10037763,anthony_arlert,1,6,0,1,1,5,0,1,1,vscode,1.106.3,
2026-01-01,2026-01-28,2026-01-04,11374,10021529,cate_panther,0,4,2,0,0,4,0,2,0,vscode,1.107.1,
2026-01-01,2026-01-28,2026-01-04,11374,10096555,deadpool_harden,5,13,0,1,1,46,0,218,334,visualstudio,18.1.1,
2026-01-01,2026-01-28,2026-01-04,11374,10012043,hawkeye_lewandowski,31,76,4,1,1,380,0,613,41,vscode,1.108.0-insider,
2026-01-01,2026-01-28,2026-01-04,11374,10043821,jimmy_galfond,23,15,0,1,1,33,0,107,67,vscode,1.107.1,
2026-01-01,2026-01-28,2026-01-04,11374,10050685,julius_kuchiki,3,5,0,1,1,1,0,26,26,vscode,1.107.1,
2026-01-01,2026-01-28,2026-01-04,11374,10022773,ken_cyrus,5,15,0,1,1,9,0,680,701,vscode,1.107.1,
2026-01-01,2026-01-28,2026-01-04,11374,10024695,kendrick_sun,57,101,1,1,1,82,0,10139,5388,vscode,1.107.1,
2026-01-01,2026-01-28,2026-01-04,11374,10023767,mikasa_goblin,9,13,0,1,1,0,0,131,45,vscode,1.107.1,
2026-01-01,2026-01-28,2026-01-04,11374,10053254,mikasa_schumacher,49,71,4,1,1,253,0,921,14,vscode,1.107.1,
2026-01-01,2026-01-28,2026-01-04,11374,10006878,morgan_kennedy,3,8,0,0,1,16,0,0,0,vscode,1.107.1,
2026-01-01,2026-01-28,2026-01-04,11374,10005215,pedri_chief,26,147,48,1,1,1358,0,733,265,vscode,1.107.1,
2026-01-01,2026-01-28,2026-01-04,11374,10038955,renji_sasha,14,73,5,1,1,378,0,713,2,vscode,1.107.1,
2026-01-01,2026-01-28,2026-01-04,11374,10060137,rubens_stallion,8,2,0,1,1,0,0,114,171,vscode,1.107.1,
2026-01-01,2026-01-28,2026-01-04,11374,10047615,sakura_jassy,0,1,0,0,0,1,0,0,0,vscode,1.107.1,
2026-01-01,2026-01-28,2026-01-04,11374,10116365,shakira_braun,3,14,6,1,1,15,0,615,0,visualstudio,18.0.0,
2026-01-01,2026-01-28,2026-01-04,11374,10010217,shaquille_washington,0,21,3,0,0,21,0,3,0,vscode,1.107.1,
2026-01-01,2026-01-28,2026-01-04,11374,10154999,storm_bonomo,12,0,0,1,1,0,0,0,0,vscode,1.107.1,
2026-01-01,2026-01-28,2026-01-03,11374,10002019,alain_perez,37,2,0,1,1,0,0,384,1,vscode,1.107.0,
2026-01-01,2026-01-28,2026-01-03,11374,10002532,alesso_north,176,243,6,1,1,2045,0,9452,2355,visualstudio,17.14.23,
2026-01-01,2026-01-28,2026-01-03,11374,10021529,cate_panther,6,23,5,1,1,18,0,124,18,vscode,1.107.1,
2026-01-01,2026-01-28,2026-01-03,11374,10061367,erling_island,1,7,0,1,1,0,0,161,13,visualstudio,17.14.23,
2026-01-01,2026-01-28,2026-01-03,11374,10012043,hawkeye_lewandowski,40,68,8,1,1,170,0,112,66,vscode,1.108.0-insider,
2026-01-01,2026-01-28,2026-01-03,11374,10003742,hayden_debruyne,14,21,0,1,1,113,0,681,41,vscode,1.107.1,
2026-01-01,2026-01-28,2026-01-03,11374,10014477,isiah_taa,2,0,0,1,1,0,0,0,0,eclipse,4.31.100.v20240229-0520,
2026-01-01,2026-01-28,2026-01-03,11374,10043821,jimmy_galfond,11,26,4,1,1,280,0,40,0,vscode,1.107.1,
2026-01-01,2026-01-28,2026-01-03,11374,10022773,ken_cyrus,22,56,0,1,1,63,0,2345,859,vscode,1.107.1,
2026-01-01,2026-01-28,2026-01-03,11374,10024695,kendrick_sun,19,1,0,1,1,2,0,0,0,vscode,1.107.1,
2026-01-01,2026-01-28,2026-01-03,11374,10058596,marcus_america,13,0,0,0,1,0,0,0,0,vscode,1.100.3,
2026-01-01,2026-01-28,2026-01-03,11374,10023767,mikasa_goblin,120,415,3,1,1,3016,0,22285,955,vscode,1.107.1,
2026-01-01,2026-01-28,2026-01-03,11374,10005215,pedri_chief,30,135,37,1,1,486,0,861,163,vscode,1.107.1,
2026-01-01,2026-01-28,2026-01-03,11374,10038955,renji_sasha,16,35,0,1,1,157,0,2903,4,vscode,1.107.1,
2026-01-01,2026-01-28,2026-01-03,11374,10060137,rubens_stallion,11,4,0,1,1,0,0,46,0,vscode,1.107.1,
2026-01-01,2026-01-28,2026-01-03,11374,10070690,safra_king,0,3,0,0,0,6,0,0,0,vscode,1.107.1,
2026-01-01,2026-01-28,2026-01-03,11374,10047615,sakura_jassy,2,9,1,0,1,9,0,1,0,vscode,1.107.1,
2026-01-01,2026-01-28,2026-01-03,11374,10042524,sandra_hathaway,4,22,5,1,1,15,0,53,14,vscode,1.107.1,
2026-01-01,2026-01-28,2026-01-03,11374,10010217,shaquille_washington,1,74,31,1,1,130,0,44,0,vscode,1.107.1,
2026-01-01,2026-01-28,2026-01-03,11374,10007827,wolverine_vinsmoke,1,0,0,0,1,0,0,0,0,vscode,1.108.0-insider,
2026-01-01,2026-01-28,2026-01-02,11374,10070028,akuma_antetokounmpo,4,16,0,1,1,7,0,339,128,visualstudio,18.3.0-insiders,
2026-01-01,2026-01-28,2026-01-02,11374,10002532,alesso_north,156,232,1,1,1,676,0,2125,1644,visualstudio,17.14.23,
2026-01-01,2026-01-28,2026-01-02,11374,10200645,arvind_valverde,12,13,0,1,1,35,0,35,12,visualstudio,17.14.23,
2026-01-01,2026-01-28,2026-01-02,11374,10021529,cate_panther,14,36,6,1,1,534,0,242,185,vscode,1.107.1,
2026-01-01,2026-01-28,2026-01-02,11374,10074164,charlize_strife,4,4,0,1,1,0,0,45,37,vscode,1.106.3,
2026-01-01,2026-01-28,2026-01-02,11374,10107694,dakota_hill,0,5,3,0,0,5,0,4,0,vscode,1.107.0,
2026-01-01,2026-01-28,2026-01-02,11374,10136181,damian_arlert,1,1,0,1,1,0,0,7,4,vscode,1.106.1,
2026-01-01,2026-01-28,2026-01-02,11374,10096555,deadpool_harden,3,2,0,1,1,4,0,0,0,vscode,1.107.1,
2026-01-01,2026-01-28,2026-01-02,11374,10077416,denzel_diamond,3,20,5,1,1,41,0,75,33,vscode,1.107.1,
2026-01-01,2026-01-28,2026-01-02,11374,10137001,denzel_portman,31,77,17,1,1,78,0,439,338,vscode,1.107.1,
2026-01-01,2026-01-28,2026-01-02,11374,10077927,echo_sandberg,5,25,0,0,1,991,0,0,0,vscode,1.107.0,
2026-01-01,2026-01-28,2026-01-02,11374,10061367,erling_island,5,16,1,1,1,606,0,628,57,visualstudio,17.14.23,
2026-01-01,2026-01-28,2026-01-02,11374,10155561,evan_lamar,0,4,0,0,0,4,0,0,0,vscode,1.105.1,
2026-01-01,2026-01-28,2026-01-02,11374,10057580,gavi_altman,4,6,0,1,1,2,0,37,17,vscode,1.107.1,
2026-01-01,2026-01-28,2026-01-02,11374,10089635,goku_houston,21,31,0,1,1,354,0,0,0,vscode,1.108.0-insider,
2026-01-01,2026-01-28,2026-01-02,11374,10045757,grimmjow_russell,45,72,1,1,1,321,0,922,276,vscode,1.107.1,
2026-01-01,2026-01-28,2026-01-02,11374,10098892,harry_rice,46,118,21,1,1,858,0,399,227,visualstudio,17.14.23,
2026-01-01,2026-01-28,2026-01-02,11374,10012043,hawkeye_lewandowski,5,1,0,1,1,0,0,2,1,vscode,1.108.0-insider,
2026-01-01,2026-01-28,2026-01-02,11374,10003742,hayden_debruyne,20,22,0,1,1,69,0,787,94,vscode,1.107.1,
2026-01-01,2026-01-28,2026-01-02,11374,10197994,johnny_sheeran,1,17,2,1,1,21,0,2,0,vscode,1.107.1,
2026-01-01,2026-01-28,2026-01-02,11374,10050685,julius_kuchiki,9,18,3,1,1,12,0,18,14,vscode,1.107.1,
2026-01-01,2026-01-28,2026-01-02,11374,10022773,ken_cyrus,16,75,22,1,1,278,0,4137,0,vscode,1.107.1,
2026-01-01,2026-01-28,2026-01-02,11374,10013072,lady_valentine,1,14,4,1,1,13,0,368,0,vscode,1.107.1,
2026-01-01,2026-01-28,2026-01-02,11374,10175303,luigi_henry,31,205,93,1,1,1056,0,1001,334,vscode,1.107.1,
2026-01-01,2026-01-28,2026-01-02,11374,10058596,marcus_america,81,23,2,0,1,11,0,0,0,vscode,1.100.3,
2026-01-01,2026-01-28,2026-01-02,11374,10083335,margot_haaland,2,1,1,0,1,2,0,2,0,visualstudio,17.14.23,
2026-01-01,2026-01-28,2026-01-02,11374,10199058,martin_kuchiki,16,8,0,1,1,153,0,683,0,vscode,1.107.1,
2026-01-01,2026-01-28,2026-01-02,11374,10103076,mason_ibrahimovic,28,35,1,1,1,10,0,1128,508,vscode,1.107.1,
2026-01-01,2026-01-28,2026-01-02,11374,10173376,michael_namikaze,4,10,0,1,1,14,0,0,0,vscode,1.107.1,
2026-01-01,2026-01-28,2026-01-02,11374,10023767,mikasa_goblin,96,218,19,1,1,1268,0,11789,607,vscode,1.107.1,
2026-01-01,2026-01-28,2026-01-02,11374,10006878,morgan_kennedy,17,33,3,1,1,43,0,67,59,vscode,1.107.1,
2026-01-01,2026-01-28,2026-01-02,11374,10215401,nami_kidman,0,13,0,0,0,19,0,0,0,vscode,1.107.1,
2026-01-01,2026-01-28,2026-01-02,11374,10194085,panther_forest,2,24,0,0,1,654,0,0,0,vscode,1.107.1,
2026-01-01,2026-01-28,2026-01-02,11374,10151524,pat_digweed,32,98,15,1,1,2147,0,2178,3,visualstudio,17.14.23,
2026-01-01,2026-01-28,2026-01-02,11374,10005215,pedri_chief,14,45,12,1,1,181,0,599,244,vscode,1.107.1,
2026-01-01,2026-01-28,2026-01-02,11374,10110220,pieck_namikaze,6,24,0,1,1,167,0,244,56,visualstudio,18.1.1,
2026-01-01,2026-01-28,2026-01-02,11374,10129262,pikachu_curry,14,17,2,0,1,475,0,68,0,visualstudio,17.14.23,
2026-01-01,2026-01-28,2026-01-02,11374,10157555,quinn_tatum,16,19,1,1,1,168,0,131,63,vscode,1.107.1,
2026-01-01,2026-01-28,2026-01-02,11374,10000787,renji_lipa,16,33,8,0,1,957,0,458,0,visualstudio,17.14.23,
2026-01-01,2026-01-28,2026-01-02,11374,10195818,rihanna_widow,8,28,0,1,1,90,0,2014,18,vscode,1.107.1,
2026-01-01,2026-01-28,2026-01-02,11374,10032139,safra_leonhart,23,54,0,1,1,492,0,28,9,visualstudio,17.14.23,
2026-01-01,2026-01-28,2026-01-02,11374,10042524,sandra_hathaway,25,104,10,1,1,45,0,5705,362,vscode,1.107.1,
2026-01-01,2026-01-28,2026-01-02,11374,10120175,sebastian_woman,0,56,5,0,0,56,0,5,0,vscode,1.107.1,
2026-01-01,2026-01-28,2026-01-02,11374,10188323,sephiroth_zuckerberg,15,39,3,1,1,22,0,831,201,vscode,1.107.1,
2026-01-01,2026-01-28,2026-01-02,11374,10116365,shakira_braun,0,21,4,0,0,28,0,6,0,vscode,1.107.1,
2026-01-01,2026-01-28,2026-01-02,11374,10085186,stewart_ricciardo,9,24,0,1,1,411,0,0,0,visualstudio,17.14.23,
2026-01-01,2026-01-28,2026-01-02,11374,10149365,stewart_shepard,20,14,4,1,1,317,0,627,313,visualstudio,17.14.23,
2026-01-01,2026-01-28,2026-01-02,11374,10007827,wolverine_vinsmoke,81,137,0,1,1,1899,0,4149,214,vscode,1.108.0-insider,
2026-01-01,2026-01-28,2026-01-02,11374,10117976,wonder_mitchell,25,20,0,1,1,39,0,79,53,vscode,1.107.1,
2026-01-01,2026-01-28,2026-01-01,11374,10070028,akuma_antetokounmpo,8,43,7,1,1,56,0,179,27,visualstudio,18.3.0-insiders,
2026-01-01,2026-01-28,2026-01-01,11374,10101952,aspen_cunningham,0,5,2,0,0,5,0,2,0,visualstudio,17.14.23,
2026-01-01,2026-01-28,2026-01-01,11374,10106366,blake_henry,0,5,1,0,0,5,0,1,0,vscode,1.107.0,
2026-01-01,2026-01-28,2026-01-01,11374,10107694,dakota_hill,0,29,17,0,0,29,0,22,0,vscode,1.107.0,
2026-01-01,2026-01-28,2026-01-01,11374,10061367,erling_island,7,20,0,1,1,173,0,498,53,visualstudio,17.14.23,
2026-01-01,2026-01-28,2026-01-01,11374,10045757,grimmjow_russell,24,55,0,1,1,310,0,439,224,vscode,1.107.0,
2026-01-01,2026-01-28,2026-01-01,11374,10008939,hakeem_cyrus,6,6,0,1,1,0,0,32,28,visualstudio,17.14.23,
2026-01-01,2026-01-28,2026-01-01,11374,10012043,hawkeye_lewandowski,6,7,0,1,1,17,0,1,2,vscode,1.108.0-insider,
2026-01-01,2026-01-28,2026-01-01,11374,10084301,isiah_force,4,3,3,1,1,120,0,120,0,vscode,1.106.3,
2026-01-01,2026-01-28,2026-01-01,11374,10035398,jensen_ibrahimovic,2,6,0,1,1,5,0,10,0,vscode,1.107.1,
2026-01-01,2026-01-28,2026-01-01,11374,10043821,jimmy_galfond,17,12,4,1,1,12,0,7,0,vscode,1.107.1,
2026-01-01,2026-01-28,2026-01-01,11374,10013072,lady_valentine,1,8,1,1,1,6,0,3,1,vscode,1.107.1,
2026-01-01,2026-01-28,2026-01-01,11374,10023767,mikasa_goblin,8,9,2,1,1,5,0,44,17,vscode,1.107.1,
2026-01-01,2026-01-28,2026-01-01,11374,10006878,morgan_kennedy,4,9,0,1,1,0,0,122,134,vscode,1.107.1,
2026-01-01,2026-01-28,2026-01-01,11374,10138546,niki_widow,0,6,6,0,0,6,0,6,0,visualstudio,17.14.23,
2026-01-01,2026-01-28,2026-01-01,11374,10000787,renji_lipa,24,42,7,0,1,1237,0,460,0,visualstudio,17.14.23,
2026-01-01,2026-01-28,2026-01-01,11374,10042524,sandra_hathaway,26,35,3,1,1,60,0,305,54,vscode,1.107.1,
2026-01-01,2026-01-28,2026-01-01,11374,10010217,shaquille_washington,2,19,11,1,1,21,0,21,0,vscode,1.107.1,
2026-01-01,2026-01-28,2026-01-01,11374,10044523,storm_westbrook,19,43,13,1,1,361,0,152,0,vscode,1.107.1,
2026-01-01,2026-01-28,2026-01-01,11374,10036476,travis_mount,19,17,0,1,1,3,0,234,88,vscode,1.107.1,
2026-01-01,2026-01-28,2026-01-01,11374,10092587,weeknd_altman,0,7,2,0,0,7,0,2,0,vscode,1.106.3,
2026-01-01,2026-01-28,2026-01-01,11374,10068696,wolverine_abarai,16,150,35,0,1,1198,0,241,0,visualstudio,17.14.23,
2026-01-01,2026-01-28,2026-01-01,11374,10007827,wolverine_vinsmoke,97,173,11,1,1,1395,0,12343,100,vscode,1.108.0-insider,